5 0.19140625 0.140625 0.04375 0.078125
5 0.26875 0.21796875 0.1046875 0.10625
9 0.45390625 0.24296875 0.2546875 0.103125
7 0.71796875 0.203125 0.3546875 0.2421875
8 0.77578125 0.29140625 0.0453125 0.0453125
9 0.859375 0.3078125 0.1203125 0.046875
5 0.84375 0.396875 0.0828125 0.1671875
9 0.61953125 0.50234375 0.534375 0.1859375
8 0.82421875 0.51875 0.0578125 0.0703125
8 0.6265625 0.62421875 0.04375 0.065625
0 0.73203125 0.61484375 0.309375 0.271875
5 0.9109375 0.73046875 0.178125 0.1296875
5 0.36484375 0.6453125 0.078125 0.1640625
9 0.19765625 0.6609375 0.278125 0.1015625