7 0.62109375 0.2375 0.2734375 0.1625
8 0.64375 0.3359375 0.025 0.03125
9 0.7109375 0.359375 0.109375 0.03125
5 0.66328125 0.4453125 0.0328125 0.1796875
9 0.35625 0.22578125 0.25625 0.0453125
5 0.17890625 0.13203125 0.0875 0.13125
0 0.4828125 0.6328125 0.296875 0.2265625
8 0.60078125 0.5546875 0.0328125 0.0625
8 0.3765625 0.6234375 0.03515625 0.06640625
9 0.3734375 0.4984375 0.46484375 0.0390625
5 0.115625 0.61875 0.06640625 0.15234375
9 0.0484375 0.57578125 0.096875 0.0265625
9 0.7625 0.8078125 0.4703125 0.1421875