7 0.37890625 0.2375 0.2734375 0.1625
8 0.35625 0.3359375 0.025 0.03125
9 0.2890625 0.359375 0.109375 0.03125
5 0.33671875 0.4453125 0.0328125 0.1796875
9 0.64375 0.22578125 0.25625 0.0453125
5 0.82109375 0.13203125 0.0875 0.13125
0 0.5171875 0.6328125 0.296875 0.2265625
8 0.39921875 0.5546875 0.0328125 0.0625
8 0.6234375 0.6234375 0.034375 0.065625
9 0.6265625 0.4984375 0.465625 0.0390625
5 0.884375 0.61875 0.065625 0.153125
9 0.9515625 0.57578125 0.096875 0.0265625
9 0.2375 0.8078125 0.4703125 0.1421875