7 0.7734375 0.30234375 0.3328125 0.2234375
9 0.50703125 0.2375 0.26875 0.1015625
5 0.35546875 0.12109375 0.1234375 0.1
5 0.3296875 0.0375 0.0515625 0.075
8 0.78125 0.4078125 0.0390625 0.0453125
9 0.853125 0.4515625 0.11875 0.046875
5 0.79609375 0.534375 0.0859375 0.1796875
9 0.5328125 0.5359375 0.5125 0.1734375
5 0.24140625 0.571875 0.078125 0.1640625
9 0.1078125 0.51640625 0.215625 0.0921875
8 0.4921875 0.65078125 0.0453125 0.0734375
0 0.5953125 0.67578125 0.3109375 0.2515625
8 0.71875 0.634375 0.0578125 0.0859375
5 0.76015625 0.9015625 0.3359375 0.196875