7 0.7265625 0.25 0.3046875 0.1640625
9 0.45234375 0.24140625 0.2640625 0.0484375
5 0.2796875 0.159375 0.109375 0.0796875
5 0.2375 0.0828125 0.0375 0.06875
8 0.75625 0.3515625 0.03125 0.0390625
9 0.83515625 0.37890625 0.115625 0.0234375
5 0.796875 0.471875 0.05078125 0.1734375
9 0.53984375 0.528125 0.509375 0.06875
5 0.26171875 0.62421875 0.046875 0.1578125
9 0.11328125 0.6 0.2265625 0.046875
8 0.5234375 0.64921875 0.03125 0.06875
0 0.6296875 0.65234375 0.275 0.19921875
8 0.7421875 0.5859375 0.04296875 0.078125
5 0.8390625 0.840625 0.3140625 0.1390625