5 0.27265625 0.084375 0.0296875 0.07421875
5 0.3328125 0.17578125 0.0875 0.08984375
9 0.50859375 0.2390625 0.2484375 0.053125
7 0.775 0.2546875 0.32421875 0.178125
8 0.81328125 0.353125 0.0375 0.0390625
9 0.89140625 0.38671875 0.11875 0.0234375
5 0.8578125 0.4703125 0.05078125 0.16015625
9 0.61640625 0.52734375 0.5296875 0.078125
8 0.81328125 0.5859375 0.0453125 0.0625
8 0.59765625 0.64765625 0.03125 0.0609375
0 0.703125 0.6609375 0.26953125 0.2203125
5 0.88359375 0.8171875 0.225 0.084375
5 0.3375 0.6140625 0.046875 0.1578125
9 0.17109375 0.59453125 0.275 0.0453125