5 0.7765625 0.11484375 0.0390625 0.0765625
5 0.70546875 0.1984375 0.0984375 0.1
9 0.5234375 0.23984375 0.253125 0.0828125
7 0.25703125 0.22265625 0.34375 0.215625
8 0.20703125 0.31640625 0.0421875 0.04375
9 0.125 0.33984375 0.1203125 0.0375
5 0.1484375 0.4265625 0.0703125 0.165625
9 0.38125 0.51328125 0.5359375 0.1421875
8 0.17890625 0.546875 0.053125 0.0671875
8 0.38515625 0.634375 0.0390625 0.0640625
0 0.27890625 0.63515625 0.29375 0.2515625
5 0.0984375 0.76796875 0.196875 0.1109375
5 0.64765625 0.6328125 0.065625 0.1625
9 0.81484375 0.63359375 0.278125 0.078125