7 0.66484375 0.2625 0.296875 0.2078125
8 0.6703125 0.36328125 0.0296875 0.034375
9 0.73203125 0.3984375 0.1125 0.05
5 0.6703125 0.47421875 0.0640625 0.1828125
9 0.40625 0.2046875 0.2609375 0.0890625
5 0.24765625 0.08203125 0.109375 0.14375
0 0.46015625 0.628125 0.33125 0.275
8 0.58984375 0.57109375 0.04375 0.0671875
8 0.35703125 0.6 0.046875 0.071875
9 0.37578125 0.4765625 0.4640625 0.11875
5 0.10078125 0.55 0.0921875 0.1609375
9 0.04609375 0.4953125 0.0921875 0.04375
9 0.7046875 0.8484375 0.4875 0.221875