7 0.21953125 0.3125 0.3359375 0.2328125
9 0.48359375 0.2375 0.2671875 0.1109375
5 0.63125 0.11640625 0.125 0.103125
5 0.653125 0.034375 0.053125 0.06875
8 0.215625 0.41796875 0.0390625 0.0453125
9 0.1453125 0.46328125 0.1171875 0.05
5 0.20546875 0.54453125 0.090625 0.18125
9 0.46796875 0.53671875 0.5109375 0.190625
5 0.7609375 0.5625 0.084375 0.1640625
9 0.89140625 0.503125 0.2171875 0.1
8 0.51328125 0.65078125 0.046875 0.075
0 0.4109375 0.67890625 0.315625 0.259375
8 0.2859375 0.6421875 0.0609375 0.0859375
5 0.25234375 0.903125 0.3390625 0.19375