0 0.19609375 0.8765625 0.375 0.23046875
0 0.690625 0.76328125 0.2875 0.17890625
8 0.7640625 0.671875 0.06640625 0.04453125
8 0.20625 0.68046875 0.1515625 0.04453125
8 0.3359375 0.82734375 0.10546875 0.04609375
8 0.4109375 0.67890625 0.10859375 0.05546875
8 0.52890625 0.6484375 0.06640625 0.04453125
8 0.8421875 0.7140625 0.0984375 0.05
8 0.74609375 0.72265625 0.046875 0.02890625
8 0.59140625 0.73671875 0.046875 0.02890625
8 0.58046875 0.584375 0.071875 0.04296875
8 0.209375 0.76015625 0.15859375 0.09609375
8 0.065625 0.8609375 0.13125 0.140625