0 0.1828125 0.8546875 0.365625 0.25625
0 0.671875 0.77578125 0.3 0.1984375
8 0.7515625 0.68984375 0.06875 0.0484375
8 0.19453125 0.659375 0.1546875 0.0546875
8 0.31328125 0.81484375 0.1078125 0.053125
8 0.3984375 0.671875 0.1125 0.0625
8 0.51875 0.65 0.06875 0.0484375
8 0.8265625 0.7375 0.1015625 0.05625
8 0.7296875 0.7390625 0.0484375 0.0328125
8 0.575 0.7421875 0.0484375 0.0328125
8 0.57421875 0.58984375 0.075 0.0484375
8 0.1921875 0.7390625 0.165625 0.10625
8 0.05546875 0.8296875 0.1109375 0.15