0 0.78671875 0.8765625 0.175 0.1453125
0 0.51953125 0.7625 0.1515625 0.04375
8 0.65859375 0.7734375 0.1 0.0703125
8 0.6953125 0.9 0.0796875 0.0515625
8 0.84921875 0.98359375 0.0796875 0.0328125
8 0.940625 0.88984375 0.0828125 0.0765625
8 0.8890625 0.825 0.15625 0.0640625
8 0.5234375 0.80390625 0.109375 0.1265625
8 0.42578125 0.703125 0.04375 0.0328125
8 0.4890625 0.6453125 0.053125 0.0546875
8 0.77734375 0.884375 0.171875 0.11875
5 0.390625 0.790625 0.065625 0.175
5 0.28203125 0.77109375 0.1765625 0.228125