0 0.81953125 0.8484375 0.3609375 0.2625
0 0.3328125 0.77890625 0.3015625 0.203125
8 0.2515625 0.69453125 0.0703125 0.05
8 0.80859375 0.65390625 0.1546875 0.0578125
8 0.6921875 0.81171875 0.109375 0.0546875
8 0.6046875 0.6703125 0.1125 0.0640625
8 0.484375 0.65078125 0.0703125 0.05
8 0.178125 0.74296875 0.103125 0.0578125
8 0.27421875 0.74296875 0.0484375 0.0328125
8 0.4296875 0.74375 0.0484375 0.0328125
8 0.42734375 0.59140625 0.075 0.0484375
8 0.8125 0.73359375 0.165625 0.109375
8 0.94609375 0.82109375 0.1078125 0.1515625