8 0.12265625 0.81328125 0.1921875 0.0625
8 0.5390625 0.7234375 0.10625 0.0875
8 0.66875 0.75390625 0.0703125 0.065625
8 0.78828125 0.8453125 0.0703125 0.065625
8 0.71796875 0.68046875 0.04375 0.0328125
8 0.853125 0.81171875 0.04375 0.0328125
8 0.92578125 0.82265625 0.059375 0.04375
0 0.28046875 0.83046875 0.109375 0.0625
8 0.74375 0.90625 0.2078125 0.1140625
0 0.8796875 0.8609375 0.240625 0.228125
0 0.6484375 0.8109375 0.1828125 0.0859375
8 0.43671875 0.6046875 0.1046875 0.05
5 0.4109375 0.81015625 0.05625 0.0984375