0 0.19375 0.8609375 0.16796875 0.1359375
0 0.46640625 0.7609375 0.15 0.0359375
8 0.32734375 0.76484375 0.09609375 0.065625
8 0.284375 0.8890625 0.0765625 0.046875
8 0.12578125 0.975 0.0765625 0.046875
8 0.03984375 0.86640625 0.07890625 0.071875
8 0.09453125 0.80390625 0.153125 0.05546875
8 0.4609375 0.80234375 0.103125 0.12109375
8 0.56328125 0.70703125 0.04296875 0.03046875
8 0.503125 0.6453125 0.05 0.0515625
8 0.203125 0.86953125 0.165625 0.1109375
5 0.59375 0.79609375 0.05703125 0.171875
5 0.703125 0.78203125 0.165625 0.21953125