8 0.19609375 0.88515625 0.1984375 0.1
8 0.584375 0.7109375 0.1203125 0.10625
8 0.71796875 0.71328125 0.08125 0.078125
8 0.85390625 0.778125 0.08125 0.078125
8 0.75078125 0.63125 0.05 0.0421875
8 0.91015625 0.73203125 0.05 0.0421875
8 0.975 0.72734375 0.05 0.0546875
0 0.35390625 0.86875 0.11875 0.0828125
8 0.8234375 0.846875 0.2234375 0.153125
0 0.90390625 0.77265625 0.1921875 0.2734375
0 0.71015625 0.77265625 0.19375 0.1203125
8 0.459375 0.615625 0.1125 0.0703125
5 0.47734375 0.821875 0.075 0.10625