8 0.51484375 0.85859375 0.20703125 0.05703125
8 0.69609375 0.86640625 0.15859375 0.0734375
6 0.5828125 0.72265625 0.121875 0.04140625
9 0.86953125 0.87734375 0.21484375 0.0484375
9 0.82734375 0.78203125 0.30859375 0.0234375
9 0.7640625 0.721875 0.21484375 0.0265625
0 0.4328125 0.7078125 0.16796875 0.0484375
9 0.2015625 0.8546875 0.4 0.05703125
5 0.38203125 0.553125 0.0296875 0.0234375
9 0.190625 0.6 0.08203125 0.03359375
9 0.06484375 0.653125 0.1234375 0.053125
0 0.62421875 0.67734375 0.03828125 0.04140625