4 0.9375 0.92578125 0.121875 0.1453125
4 0.765625 0.76015625 0.28828125 0.2234375
5 0.6796875 0.87890625 0.21640625 0.2015625
5 0.54453125 0.671875 0.1453125 0.15703125
5 0.47734375 0.73984375 0.08203125 0.1234375
4 0.1734375 0.81328125 0.23671875 0.3703125
5 0.37734375 0.64296875 0.0515625 0.08671875
5 0.4109375 0.83203125 0.025 0.04296875
5 0.8859375 0.76328125 0.11796875 0.05703125
5 0.77265625 0.675 0.2046875 0.10703125
5 0.7015625 0.66796875 0.0796875 0.046875
5 0.92421875 0.9046875 0.1484375 0.1234375