3 0.55859375 0.62109375 0.8796875 0.31796875
6 0.1890625 0.746875 0.13828125 0.0703125
6 0.453125 0.4 0.0703125 0.0203125
5 0.7515625 0.8203125 0.06015625 0.18359375
5 0.4640625 0.81796875 0.0453125 0.11328125
5 0.27734375 0.82578125 0.06796875 0.09140625
9 0.0578125 0.76484375 0.10859375 0.04296875
9 0.1296875 0.88828125 0.21640625 0.05
6 0.8953125 0.64296875 0.06328125 0.0296875
0 0.453125 0.6984375 0.046875 0.11328125
0 0.64765625 0.584375 0.08203125 0.06796875
0 0.7578125 0.671875 0.071875 0.11640625