5 0.1953125 0.9296875 0.0765625 0.12734375
5 0.44453125 0.81171875 0.01796875 0.11796875
0 0.471875 0.665625 0.046875 0.1359375
0 0.20078125 0.721875 0.1328125 0.08046875
5 0.49453125 0.815625 0.0375 0.14921875
5 0.0328125 0.87734375 0.06484375 0.0640625
5 0.5578125 0.8390625 0.034375 0.0984375
5 0.54921875 0.9171875 0.03125 0.09609375
5 0.390625 0.92734375 0.06328125 0.1171875
5 0.3078125 0.89921875 0.03515625 0.18515625
5 0.5296875 0.7515625 0.0140625 0.04140625
9 0.40703125 0.7640625 0.08203125 0.03359375
5 0.1203125 0.81796875 0.0375 0.03828125