5 0.73359375 0.6453125 0.0515625 0.046875
5 0.53203125 0.6546875 0.0078125 0.015625
5 0.4125 0.87578125 0.0734375 0.1140625
0 0.596875 0.559375 0.01875 0.0421875
5 0.54921875 0.76015625 0.0765625 0.35
5 0.6234375 0.5640625 0.00625 0.0140625
5 0.65078125 0.56171875 0.040625 0.0390625
5 0.55078125 0.64609375 0.0203125 0.0203125
5 0.59296875 0.7390625 0.0296875 0.2171875
5 0.578125 0.55859375 0.0125 0.0359375
5 0.65703125 0.61015625 0.021875 0.034375
5 0.6984375 0.61171875 0.034375 0.0328125
5 0.46796875 0.82734375 0.0640625 0.196875
9 0.71484375 0.69765625 0.1625 0.0359375