5 0.44921875 0.678125 0.0265625 0.03046875
5 0.3515625 0.5578125 0.003125 0.00859375
9 0.4359375 0.7 0.04765625 0.00703125
5 0.35 0.6140625 0.0078125 0.02421875
5 0.36953125 0.55859375 0.009375 0.01875
9 0.35546875 0.5796875 0.0265625 0.00703125
5 0.46171875 0.73359375 0.0671875 0.1234375
9 0.34609375 0.56953125 0.01015625 0.01328125
5 0.4265625 0.61640625 0.03203125 0.0234375
9 0.39453125 0.63203125 0.10859375 0.02421875
5 0.3296875 0.675 0.01484375 0.0359375
5 0.43515625 0.6515625 0.01953125 0.0203125
9 0.4203125 0.58828125 0.015625 0.003125
9 0.5390625 0.96796875 0.04296875 0.0140625
5 0.0625 0.81640625 0.125 0.128125
9 0.40390625 0.5734375 0.04453125 0.0140625
5 0.321875 0.5671875 0.009375 0.025
5 0.40546875 0.60390625 0.00703125 0.01875
9 0.421875 0.59453125 0.0203125 0.00390625
9 0.3671875 0.803125 0.02890625 0.01015625
5 0.49765625 0.89375 0.04609375 0.209375