5 0.32578125 0.67265625 0.0359375 0.0890625
5 0.4515625 0.8984375 0.053125 0.203125
5 0.27265625 0.76328125 0.0265625 0.04375
5 0.3421875 0.57578125 0.0234375 0.0703125
5 0.2734375 0.89453125 0.071875 0.2109375
5 0.34375 0.88125 0.10625 0.2375
5 0.28359375 0.71796875 0.046875 0.0515625
5 0.18984375 0.69375 0.06875 0.065625
5 0.32890625 0.60546875 0.0203125 0.0328125
5 0.2984375 0.6328125 0.028125 0.0578125
5 0.340625 0.68984375 0.1046875 0.2421875
5 0.42109375 0.69609375 0.0421875 0.1453125
5 0.41484375 0.62265625 0.0296875 0.0765625
5 0.18203125 0.865625 0.2046875 0.26875