5 0.33671875 0.92109375 0.034375 0.1546875
5 0.37265625 0.60234375 0.01328125 0.046875
5 0.20546875 0.66015625 0.03125 0.03046875
9 0.3296875 0.70625 0.0703125 0.021875
9 0.225 0.70859375 0.0578125 0.021875
5 0.38671875 0.98203125 0.01484375 0.03359375
5 0.34375 0.58671875 0.01171875 0.0203125
5 0.415625 0.61953125 0.0125 0.02265625
5 0.18359375 0.8515625 0.1703125 0.2875
5 0.4140625 0.59140625 0.0109375 0.01640625
9 0.42734375 0.7265625 0.134375 0.02734375
5 0.4109375 0.55390625 0.02734375 0.04375
5 0.33828125 0.63984375 0.01796875 0.040625
5 0.4046875 0.6 0.015625 0.02734375
5 0.3984375 0.7390625 0.01484375 0.06875
5 0.28203125 0.5984375 0.0109375 0.0125