5 0.2734375 0.659375 0.03359375 0.03046875
9 0.2375 0.578125 0.0421875 0.0125
5 0.2671875 0.60625 0.01875 0.06796875
5 0.209375 0.56640625 0.01328125 0.0515625
9 0.35546875 0.69921875 0.24140625 0.01796875
5 0.16875 0.6203125 0.06796875 0.07421875
5 0.328125 0.66796875 0.03359375 0.0640625
5 0.346875 0.609375 0.021875 0.0359375
5 0.25546875 0.6234375 0.00546875 0.021875
5 0.1125 0.86640625 0.178125 0.2546875
5 0.35078125 0.946875 0.0390625 0.09921875
5 0.2796875 0.603125 0.0078125 0.02578125
5 0.35 0.775 0.08671875 0.1453125
5 0.2421875 0.66484375 0.0265625 0.04609375
5 0.21328125 0.71328125 0.03984375 0.04921875
5 0.0953125 0.84921875 0.190625 0.2421875