5 0.321875 0.91484375 0.0390625 0.15625
5 0.36953125 0.59765625 0.015625 0.046875
5 0.2 0.65 0.0328125 0.03125
9 0.32265625 0.7 0.0703125 0.025
9 0.21796875 0.69921875 0.0578125 0.0234375
5 0.3703125 0.978125 0.015625 0.034375
5 0.340625 0.58125 0.0125 0.0203125
5 0.41171875 0.61640625 0.0140625 0.0234375
5 0.171875 0.840625 0.1796875 0.29375
5 0.4109375 0.58828125 0.0109375 0.0171875
9 0.41953125 0.72421875 0.1359375 0.03125
5 0.409375 0.55078125 0.028125 0.0453125
5 0.33359375 0.634375 0.01875 0.040625
5 0.4015625 0.596875 0.0171875 0.028125
5 0.38984375 0.73515625 0.0171875 0.06875
5 0.27890625 0.590625 0.0109375 0.0125