0 0.37265625 0.86015625 0.1265625 0.271875
5 0.0984375 0.91328125 0.1015625 0.159375
5 0.328125 0.55703125 0.0078125 0.015625
9 0.16875 0.74921875 0.103125 0.05
9 0.2796875 0.69453125 0.3671875 0.034375
5 0.39375 0.59765625 0.0203125 0.01875
9 0.39765625 0.63828125 0.0828125 0.0109375
5 0.29453125 0.88984375 0.034375 0.1140625
5 0.41484375 0.646875 0.0171875 0.05625
5 0.35625 0.57265625 0.009375 0.015625
9 0.278125 0.62109375 0.190625 0.0203125
5 0.2890625 0.77734375 0.05 0.1125
9 0.3484375 0.65703125 0.0328125 0.01875
9 0.46328125 0.81015625 0.084375 0.021875
5 0.36875 0.55390625 0.0078125 0.03125