5 0.246875 0.72109375 0.05 0.046875
5 0.3390625 0.8703125 0.1203125 0.1796875
5 0.246875 0.7484375 0.034375 0.0265625
5 0.659375 0.87109375 0.18125 0.2265625
5 0.1890625 0.83828125 0.1140625 0.1125
5 0.384375 0.92890625 0.0390625 0.0734375
5 0.3390625 0.6625 0.0125 0.0125
5 0.32265625 0.9796875 0.0765625 0.040625
5 0.15 0.84609375 0.0953125 0.08125
9 0.20390625 0.92421875 0.2171875 0.1515625
9 0.4671875 0.95625 0.246875 0.0875
9 0.41015625 0.6890625 0.071875 0.071875
9 0.409375 0.634375 0.059375 0.0265625
5 0.20859375 0.7625 0.053125 0.046875
5 0.37421875 0.709375 0.01875 0.0234375
5 0.41484375 0.75234375 0.0609375 0.0671875
5 0.43359375 0.62421875 0.0328125 0.04375
5 0.3984375 0.98984375 0.0375 0.0203125
5 0.584375 0.96875 0.04375 0.0515625
5 0.53125 0.86171875 0.1015625 0.225
5 0.290625 0.690625 0.0359375 0.028125
5 0.5 0.6625 0.05625 0.0890625
5 0.11640625 0.93203125 0.0546875 0.053125