5 0.60546875 0.596875 0.015625 0.0546875
5 0.64375 0.86171875 0.0484375 0.1796875
5 0.54921875 0.6109375 0.0078125 0.034375
5 0.58984375 0.5703125 0.01875 0.0609375
5 0.83125 0.90859375 0.065625 0.1078125
5 0.60078125 0.7265625 0.0390625 0.1671875
5 0.53046875 0.6328125 0.015625 0.04375
5 0.57421875 0.6890625 0.0140625 0.01875
5 0.6734375 0.61875 0.0375 0.05625
5 0.740625 0.7359375 0.0578125 0.09375
9 0.70078125 0.971875 0.0640625 0.046875
5 0.67890625 0.7578125 0.0234375 0.0421875
5 0.628125 0.6234375 0.0265625 0.04375
5 0.55703125 0.88359375 0.0234375 0.171875
5 0.65625 0.671875 0.0234375 0.0796875
5 0.53359375 0.79609375 0.0203125 0.0375
5 0.42578125 0.87890625 0.06875 0.1625
5 0.67265625 0.84609375 0.015625 0.025