5 0.88828125 0.7828125 0.021875 0.0453125
5 0.5953125 0.7 0.0171875 0.065625
5 0.55078125 0.91484375 0.0140625 0.05625
5 0.5734375 0.69765625 0.0265625 0.1
5 0.60703125 0.596875 0.00625 0.0265625
5 0.61015625 0.61171875 0.0125 0.0265625
5 0.525 0.96484375 0.021875 0.0578125
5 0.5921875 0.55078125 0.0046875 0.0125
5 0.59375 0.871875 0.034375 0.25625
5 0.59765625 0.5296875 0.0046875 0.0125
5 0.6 0.559375 0.009375 0.0328125
9 0.58203125 0.62578125 0.015625 0.0125
5 0.84296875 0.72578125 0.0125 0.0234375
5 0.97265625 0.88125 0.028125 0.0453125
5 0.5828125 0.58125 0.0140625 0.0375