5 0.846875 0.7046875 0.14375 0.1015625
5 0.68984375 0.759375 0.0390625 0.0609375
5 0.53984375 0.728125 0.0171875 0.0546875
5 0.65078125 0.6953125 0.0234375 0.0375
5 0.709375 0.73828125 0.028125 0.0484375
5 0.82578125 0.8390625 0.0859375 0.10625
5 0.39375 0.9640625 0.059375 0.071875
5 0.559375 0.77421875 0.00625 0.015625
5 0.70078125 0.6265625 0.015625 0.01875
5 0.75546875 0.665625 0.0859375 0.075
5 0.453125 0.93046875 0.0609375 0.1359375
5 0.934375 0.80546875 0.13125 0.1421875
5 0.60546875 0.91640625 0.0359375 0.1546875