5 0.3359375 0.6171875 0.03828125 0.0625
5 0.13203125 0.73359375 0.071875 0.06015625
5 0.378125 0.6859375 0.0078125 0.015625
5 0.01796875 0.80703125 0.0359375 0.02734375
5 0.35546875 0.9296875 0.0453125 0.13984375
5 0.27890625 0.59609375 0.05859375 0.05078125
5 0.4015625 0.64453125 0.0171875 0.13125
5 0.2171875 0.65078125 0.040625 0.034375
5 0.15625 0.96328125 0.0234375 0.065625
5 0.53828125 0.88125 0.065625 0.22578125
5 0.2875 0.94140625 0.0234375 0.05625
5 0.25703125 0.77421875 0.1140625 0.17890625
5 0.39765625 0.55625 0.00859375 0.0203125