5 0.58671875 0.8859375 0.0203125 0.0953125
5 0.6890625 0.8625 0.040625 0.1375
5 0.6984375 0.746875 0.0375 0.08125
5 0.7296875 0.86484375 0.0140625 0.06875
5 0.5984375 0.7109375 0.025 0.0625
9 0.76953125 0.721875 0.15 0.04375
5 0.5984375 0.98203125 0.05 0.0359375
5 0.884375 0.77421875 0.0703125 0.0640625
5 0.74765625 0.77265625 0.0546875 0.1
5 0.62109375 0.7765625 0.021875 0.121875
5 0.86328125 0.80546875 0.0578125 0.0765625
5 0.92734375 0.86796875 0.0953125 0.0859375
0 0.578125 0.6140625 0.0609375 0.103125
5 0.66484375 0.94921875 0.1078125 0.1015625
9 0.60625 0.68984375 0.2109375 0.0515625
0 0.4875 0.91484375 0.165625 0.1703125