5 0.35078125 0.665625 0.034375 0.075
5 0.3609375 0.590625 0.028125 0.075
5 0.06328125 0.6171875 0.1265625 0.1625
9 0.31328125 0.65078125 0.071875 0.0640625
5 0.21484375 0.9140625 0.0625 0.06875
5 0.29765625 0.5171875 0.015625 0.028125
5 0.3296875 0.54453125 0.0375 0.0640625
5 0.31640625 0.59296875 0.025 0.053125
5 0.28515625 0.60234375 0.028125 0.065625
5 0.01015625 0.61953125 0.0203125 0.0359375
5 0.125 0.78125 0.0765625 0.146875
5 0.18359375 0.696875 0.0359375 0.053125
5 0.21484375 0.53203125 0.0421875 0.0359375
5 0.16796875 0.55546875 0.0390625 0.0421875
5 0.21953125 0.60859375 0.1046875 0.14375
5 0.33359375 0.628125 0.0203125 0.0546875
5 0.3703125 0.53828125 0.0234375 0.05
5 0.28828125 0.5546875 0.0234375 0.021875
5 0.2484375 0.51484375 0.015625 0.025
5 0.37265625 0.87109375 0.09375 0.221875
5 0.26953125 0.61015625 0.0109375 0.0296875
5 0.35 0.77578125 0.0703125 0.171875
5 0.271875 0.5109375 0.0140625 0.0140625
5 0.33359375 0.48359375 0.009375 0.015625
5 0.2484375 0.65234375 0.05625 0.0609375