5 0.82734375 0.6328125 0.040625 0.0515625
5 0.73984375 0.76015625 0.0203125 0.0375
5 0.96875 0.6609375 0.0625 0.096875
9 0.72265625 0.7109375 0.1671875 0.075
9 0.86328125 0.653125 0.13125 0.0421875
8 0.6296875 0.6265625 0.009375 0.0078125
5 0.7015625 0.63359375 0.0484375 0.04375
9 0.83515625 0.67578125 0.0375 0.015625
9 0.69921875 0.7640625 0.0515625 0.025
9 0.70625 0.68125 0.0515625 0.03125
5 0.76953125 0.609375 0.0390625 0.0546875
5 0.75703125 0.62734375 0.025 0.0328125
8 0.621875 0.64453125 0.01875 0.009375
5 0.80703125 0.69609375 0.025 0.0421875
9 0.88046875 0.62109375 0.0640625 0.0296875
9 0.76171875 0.671875 0.025 0.015625