5 0.428125 0.6765625 0.028125 0.11796875
9 0.3796875 0.61796875 0.15 0.01171875
9 0.51640625 0.79453125 0.0390625 0.01953125
5 0.4375 0.55625 0.009375 0.03828125
5 0.4859375 0.89375 0.0515625 0.209375
5 0.2875 0.70625 0.05234375 0.08203125
9 0.3921875 0.6 0.034375 0.0359375
5 0.29375 0.5875 0.03046875 0.025
5 0.346875 0.73984375 0.07578125 0.06640625
5 0.27109375 0.61171875 0.0140625 0.0109375
5 0.45078125 0.771875 0.0203125 0.11953125
5 0.31796875 0.603125 0.0265625 0.02578125
9 0.2859375 0.64375 0.04140625 0.04765625
5 0.33125 0.6421875 0.0234375 0.034375
5 0.4078125 0.59765625 0.00390625 0.01015625
5 0.3984375 0.575 0.01328125 0.02421875
5 0.3921875 0.66484375 0.03046875 0.0859375
5 0.434375 0.60546875 0.01484375 0.02109375
9 0.36484375 0.628125 0.02265625 0.01484375
5 0.2046875 0.83984375 0.09296875 0.15546875