5 0.1109375 0.8296875 0.0296875 0.0484375
5 0.37265625 0.85390625 0.0328125 0.128125
9 0.39609375 0.5609375 0.025 0.00625
5 0.26640625 0.5453125 0.0578125 0.0453125
5 0.06875 0.67734375 0.0546875 0.065625
5 0.2515625 0.58203125 0.1015625 0.090625
5 0.16640625 0.7390625 0.10625 0.15
9 0.3875 0.5171875 0.0125 0.0078125
8 0.43984375 0.759375 0.034375 0.021875
5 0.384375 0.56015625 0.015625 0.021875
9 0.0796875 0.75234375 0.0796875 0.028125
5 0.38125 0.540625 0.0140625 0.015625
5 0.3890625 0.5921875 0.01875 0.01875
9 0.203125 0.6609375 0.2609375 0.05
5 0.35 0.621875 0.0328125 0.090625
5 0.3625 0.5625 0.021875 0.0421875
9 0.16171875 0.6140625 0.075 0.0234375
5 0.36796875 0.7609375 0.0265625 0.0546875
9 0.225 0.6984375 0.0625 0.025
9 0.27578125 0.765625 0.3828125 0.0921875
9 0.03671875 0.70703125 0.0734375 0.0234375
9 0.10859375 0.71328125 0.0671875 0.028125