5 0.26796875 0.6390625 0.021875 0.02265625
9 0.33671875 0.89296875 0.1421875 0.02421875
5 0.47109375 0.8078125 0.075 0.375
5 0.4046875 0.6890625 0.021875 0.10390625
9 0.1140625 0.825 0.228125 0.05625
5 0.46640625 0.6734375 0.0125 0.02578125
5 0.5828125 0.95703125 0.0453125 0.07734375
5 0.25859375 0.67421875 0.02421875 0.02578125
5 0.17265625 0.70859375 0.07109375 0.0453125
9 0.3703125 0.7671875 0.059375 0.0234375
5 0.41171875 0.88359375 0.02421875 0.23203125
9 0.32578125 0.60234375 0.0609375 0.02578125
5 0.42421875 0.61015625 0.015625 0.0546875