5 0.30078125 0.69296875 0.0375 0.0359375
9 0.253125 0.61796875 0.04375 0.01875
5 0.28671875 0.64140625 0.0296875 0.0703125
5 0.2234375 0.6109375 0.021875 0.053125
9 0.38828125 0.71953125 0.240625 0.05625
5 0.19140625 0.6703125 0.078125 0.084375
5 0.35625 0.69296875 0.04375 0.06875
5 0.365625 0.63203125 0.0265625 0.0390625
5 0.278125 0.66015625 0.009375 0.021875
5 0.1734375 0.89140625 0.215625 0.2171875
5 0.42265625 0.95625 0.0546875 0.0875
5 0.2984375 0.6359375 0.0125 0.0265625
5 0.39453125 0.7953125 0.1078125 0.1578125
5 0.27109375 0.703125 0.0328125 0.05
5 0.25 0.75546875 0.046875 0.0546875
5 0.15390625 0.88671875 0.2265625 0.2265625