5 0.43984375 0.890625 0.0265625 0.0953125
5 0.33671875 0.875 0.05 0.1375
5 0.31953125 0.76015625 0.0421875 0.0828125
5 0.29609375 0.8796875 0.01875 0.06875
5 0.41640625 0.7171875 0.028125 0.0625
9 0.246875 0.740625 0.1515625 0.053125
5 0.43515625 0.984375 0.0515625 0.03125
5 0.13515625 0.80078125 0.075 0.06875
5 0.271875 0.7890625 0.0609375 0.103125
5 0.3984375 0.784375 0.0296875 0.1234375
5 0.15859375 0.8296875 0.0625 0.0796875
5 0.09921875 0.896875 0.1 0.0921875
0 0.4296875 0.61953125 0.06875 0.10625
5 0.365625 0.953125 0.115625 0.09375
9 0.40703125 0.696875 0.2125 0.0671875
0 0.53984375 0.9109375 0.1765625 0.178125