5 0.4765625 0.67890625 0.040625 0.06875
5 0.3859375 0.89765625 0.0171875 0.0578125
5 0.3984375 0.7921875 0.0328125 0.075
5 0.2703125 0.69765625 0.0140625 0.021875
8 0.178125 0.7890625 0.03125 0.05
5 0.3890625 0.67109375 0.034375 0.084375
5 0.38046875 0.740625 0.0171875 0.05
9 0.47578125 0.72578125 0.0875 0.025
9 0.04453125 0.790625 0.0796875 0.03125
9 0.41171875 0.728125 0.0453125 0.0484375
9 0.21484375 0.6171875 0.228125 0.1046875
5 0.1046875 0.88046875 0.090625 0.1390625
5 0.34609375 0.5875 0.0375 0.021875
0 0.38671875 0.5734375 0.071875 0.11875
5 0.37578125 0.78828125 0.015625 0.0265625