5 0.415625 0.890625 0.028125 0.21484375
5 0.259375 0.778125 0.01328125 0.01640625
5 0.5109375 0.915625 0.0171875 0.04921875
5 0.12109375 0.7421875 0.103125 0.08671875
9 0.2671875 0.78671875 0.528125 0.021875
5 0.415625 0.5421875 0.009375 0.01875
5 0.065625 0.859375 0.13125 0.1453125
5 0.23125 0.65390625 0.115625 0.0890625
5 0.40859375 0.6609375 0.02578125 0.075
5 0.33203125 0.65703125 0.00703125 0.01953125
5 0.3015625 0.73046875 0.025 0.08046875
5 0.36328125 0.87734375 0.0109375 0.0328125
5 0.3265625 0.5828125 0.00625 0.01484375
5 0.30703125 0.60390625 0.0140625 0.015625