5 0.69765625 0.63125 0.046875 0.04375
5 0.72734375 0.66640625 0.05 0.0375
5 0.58984375 0.646875 0.025 0.0546875
5 0.78671875 0.72578125 0.0890625 0.0890625
5 0.728125 0.81875 0.184375 0.303125
5 0.690625 0.659375 0.0078125 0.0140625
5 0.58359375 0.56484375 0.009375 0.0140625
5 0.63359375 0.60390625 0.01875 0.021875
5 0.5609375 0.61875 0.0078125 0.0140625
5 0.58203125 0.58671875 0.0109375 0.0203125
5 0.6640625 0.59375 0.0375 0.0359375
5 0.6578125 0.56953125 0.040625 0.021875
8 0.51328125 0.659375 0.0234375 0.028125
5 0.71796875 0.6171875 0.01875 0.0203125
5 0.64921875 0.62421875 0.00625 0.0125
5 0.61640625 0.571875 0.009375 0.009375