0 0.37890625 0.8625 0.121875 0.2703125
5 0.10546875 0.9203125 0.0984375 0.15703125
5 0.32890625 0.56015625 0.0078125 0.01484375
9 0.1734375 0.7546875 0.10234375 0.0484375
9 0.2828125 0.6984375 0.36640625 0.02734375
5 0.3953125 0.59921875 0.01953125 0.01796875
9 0.4 0.63984375 0.08203125 0.009375
5 0.3015625 0.89375 0.0328125 0.1140625
5 0.4171875 0.6484375 0.015625 0.05625
5 0.3578125 0.575 0.00859375 0.015625
9 0.28046875 0.625 0.190625 0.01640625
5 0.29375 0.78125 0.04765625 0.11171875
9 0.3515625 0.659375 0.0328125 0.01796875
9 0.46875 0.8109375 0.084375 0.0203125
5 0.36953125 0.55625 0.0078125 0.03125