5 0.5734375 0.571875 0.0484375 0.0953125
5 0.6015625 0.740625 0.0546875 0.128125
0 0.70859375 0.68046875 0.0921875 0.165625
9 0.60390625 0.6234375 0.0484375 0.034375
5 0.6328125 0.88984375 0.11875 0.1921875
9 0.70390625 0.81796875 0.0609375 0.0625
5 0.61640625 0.578125 0.01875 0.0390625
8 0.71796875 0.56171875 0.0109375 0.009375
5 0.70078125 0.55234375 0.021875 0.0203125
5 0.57578125 0.65078125 0.0375 0.0640625
5 0.55078125 0.5203125 0.046875 0.05
5 0.5515625 0.53125 0.0125 0.0234375
5 0.61796875 0.7375 0.05 0.1140625
0 0.8546875 0.82734375 0.2828125 0.2421875