9 0.63359375 0.58828125 0.0359375 0.0203125
5 0.5265625 0.696875 0.040625 0.0546875
5 0.80546875 0.91796875 0.1578125 0.1640625
9 0.6828125 0.66328125 0.0796875 0.01875
5 0.73671875 0.6828125 0.0484375 0.0484375
5 0.84609375 0.84921875 0.25 0.284375
5 0.5375 0.753125 0.06875 0.1203125
5 0.73125 0.81640625 0.090625 0.1421875
5 0.7234375 0.90078125 0.134375 0.1984375
5 0.6609375 0.91015625 0.1 0.1796875
5 0.46328125 0.9203125 0.0515625 0.1546875
5 0.6578125 0.7765625 0.06875 0.1453125
9 0.72734375 0.71171875 0.1609375 0.0546875
5 0.578125 0.5984375 0.053125 0.0640625
5 0.64296875 0.68515625 0.0296875 0.0578125
9 0.68125 0.675 0.0953125 0.021875
5 0.69609375 0.76953125 0.0765625 0.1234375
9 0.66796875 0.64140625 0.084375 0.0234375
9 0.58515625 0.646875 0.0671875 0.03125
5 0.475 0.8265625 0.053125 0.1390625