5 0.10234375 0.76875 0.02109375 0.04453125
5 0.39765625 0.696875 0.01484375 0.06484375
5 0.43515625 0.9125 0.01171875 0.05625
5 0.41953125 0.6953125 0.0234375 0.1
5 0.38984375 0.59296875 0.0046875 0.02578125
5 0.3859375 0.6078125 0.01171875 0.0265625
5 0.45859375 0.9640625 0.0203125 0.0578125
5 0.40625 0.54765625 0.0046875 0.0125
5 0.39296875 0.86875 0.02578125 0.25625
5 0.4015625 0.5265625 0.0046875 0.0125
5 0.39765625 0.55546875 0.00859375 0.0328125
9 0.41328125 0.62265625 0.01484375 0.0125
5 0.14921875 0.71328125 0.0109375 0.0234375
5 0.0140625 0.86484375 0.0265625 0.04375
5 0.4140625 0.578125 0.01328125 0.03671875