5 0.5859375 0.58125 0.0109375 0.0234375
5 0.58515625 0.55390625 0.00625 0.0171875
5 0.6875 0.58046875 0.03125 0.03125
0 0.9234375 0.8359375 0.1265625 0.1515625
5 0.6296875 0.75546875 0.0140625 0.015625
9 0.5578125 0.62265625 0.040625 0.0140625
5 0.60859375 0.584375 0.0109375 0.0234375
5 0.55625 0.7203125 0.0484375 0.109375
5 0.61328125 0.546875 0.00625 0.0109375
5 0.48125 0.7671875 0.0234375 0.0671875
5 0.55546875 0.809375 0.021875 0.0828125
0 0.78359375 0.67421875 0.178125 0.175
5 0.50390625 0.95234375 0.025 0.090625
5 0.78359375 0.9 0.0515625 0.0796875
5 0.6421875 0.5609375 0.0140625 0.0203125
5 0.5828125 0.62734375 0.0140625 0.0421875