5 0.11953125 0.85234375 0.1609375 0.1828125
5 0.23046875 0.61953125 0.1015625 0.0953125
5 0.3515625 0.76484375 0.0375 0.0578125
5 0.22578125 0.79453125 0.1859375 0.33125
5 0.4359375 0.55390625 0.0203125 0.021875
5 0.08828125 0.7125 0.1765625 0.203125
5 0.30078125 0.81953125 0.115625 0.3015625
5 0.4640625 0.571875 0.034375 0.0453125
5 0.33828125 0.55703125 0.1046875 0.0875
5 0.13125 0.6484375 0.103125 0.09375
5 0.34375 0.63359375 0.0515625 0.0859375
5 0.4 0.96953125 0.0234375 0.0421875
5 0.44609375 0.62109375 0.0265625 0.05625