5 0.63515625 0.74609375 0.015625 0.078125
5 0.2875 0.67578125 0.04375 0.0390625
5 0.390625 0.58828125 0.0484375 0.0390625
5 0.71171875 0.6671875 0.025 0.0375
5 0.4703125 0.61953125 0.0140625 0.01875
9 0.4125 0.6328125 0.0859375 0.009375
5 0.53515625 0.64453125 0.03125 0.0734375
0 0.153125 0.85546875 0.30625 0.2671875
8 0.25703125 0.70078125 0.0234375 0.025
9 0.81796875 0.7234375 0.03125 0.0484375
5 0.65078125 0.56484375 0.021875 0.021875
9 0.846875 0.95 0.275 0.1
9 0.7578125 0.78671875 0.24375 0.053125
5 0.6296875 0.5796875 0.00625 0.0125
5 0.64921875 0.94921875 0.028125 0.0390625
5 0.3859375 0.61015625 0.0140625 0.028125
5 0.5875 0.66328125 0.009375 0.028125
5 0.3453125 0.6265625 0.0203125 0.0234375
5 0.63828125 0.846875 0.01875 0.096875
9 0.57734375 0.903125 0.328125 0.0640625
5 0.8828125 0.92578125 0.025 0.0328125
9 0.353125 0.86015625 0.096875 0.0328125
5 0.8046875 0.66640625 0.05625 0.053125
5 0.73125 0.653125 0.0109375 0.0296875
5 0.503125 0.6296875 0.025 0.0453125
9 0.5890625 0.5828125 0.046875 0.0203125
5 0.4484375 0.6671875 0.034375 0.0578125
0 0.365625 0.76875 0.1203125 0.153125
5 0.746875 0.6328125 0.0140625 0.0234375
9 0.74453125 0.75 0.1140625 0.021875