5 0.5578125 0.56875 0.0359375 0.0390625
5 0.759375 0.9640625 0.075 0.071875
9 0.72890625 0.690625 0.0671875 0.021875
5 0.55078125 0.6234375 0.0203125 0.03125
5 0.60546875 0.63515625 0.021875 0.0234375
5 0.578125 0.6640625 0.0296875 0.0296875
5 0.83828125 0.8296875 0.253125 0.2140625
5 0.56796875 0.60078125 0.0453125 0.0375
9 0.759375 0.8625 0.03125 0.0125
5 0.60078125 0.60703125 0.0375 0.0359375
5 0.74921875 0.7078125 0.0515625 0.0328125
9 0.56640625 0.86015625 0.30625 0.1140625
5 0.575 0.70703125 0.025 0.0625
5 0.68359375 0.6734375 0.1421875 0.1015625
5 0.47265625 0.9234375 0.0734375 0.153125
5 0.5859375 0.63984375 0.015625 0.0203125
5 0.5203125 0.75234375 0.05625 0.184375