8 0.30625 0.65703125 0.0234375 0.0234375
5 0.38671875 0.9546875 0.0203125 0.07578125
5 0.24140625 0.79140625 0.084375 0.16171875
5 0.3703125 0.59765625 0.0125 0.04296875
9 0.27890625 0.64296875 0.17109375 0.0109375
5 0.4078125 0.746875 0.01484375 0.0296875
0 0.42265625 0.6453125 0.03828125 0.06796875
8 0.32734375 0.60703125 0.01796875 0.0328125
5 0.234375 0.89921875 0.015625 0.08515625
5 0.4453125 0.83515625 0.06328125 0.01796875
5 0.39921875 0.853125 0.0234375 0.0984375
5 0.2828125 0.79140625 0.06015625 0.1609375