9 0.33203125 0.5796875 0.0296875 0.0140625
5 0.18828125 0.59921875 0.0921875 0.09375
5 0.3671875 0.5515625 0.028125 0.05625
5 0.3328125 0.80234375 0.0203125 0.04375
9 0.359375 0.63828125 0.0359375 0.0203125
9 0.3140625 0.6 0.05625 0.025
9 0.1171875 0.66953125 0.1625 0.0921875
9 0.31484375 0.6890625 0.10625 0.053125
5 0.3390625 0.62734375 0.0125 0.01875
5 0.34921875 0.515625 0.025 0.034375
5 0.246875 0.56640625 0.0171875 0.028125
9 0.26796875 0.64921875 0.1265625 0.0796875
5 0.34921875 0.58828125 0.015625 0.0359375
5 0.0859375 0.62421875 0.0640625 0.059375
9 0.39765625 0.6421875 0.028125 0.0125
5 0.29609375 0.53359375 0.0625 0.0765625
9 0.36328125 0.61484375 0.0359375 0.021875
5 0.40078125 0.5828125 0.025 0.05625
5 0.01796875 0.665625 0.0359375 0.078125
5 0.37578125 0.65546875 0.021875 0.065625