5 0.30625 0.65 0.02578125 0.0859375
5 0.403125 0.89296875 0.02890625 0.20546875
5 0.2421875 0.73359375 0.021875 0.040625
5 0.334375 0.55625 0.01484375 0.06953125
5 0.2265625 0.87578125 0.04375 0.2296875
5 0.296875 0.87109375 0.07578125 0.25390625
5 0.25859375 0.68984375 0.0421875 0.046875
5 0.16875 0.6546875 0.0625 0.0578125
5 0.3171875 0.58359375 0.0171875 0.03046875
5 0.28359375 0.60703125 0.021875 0.05625
5 0.31875 0.66875 0.0765625 0.234375
5 0.39765625 0.68515625 0.02421875 0.14375
5 0.40078125 0.61171875 0.02109375 0.07421875
5 0.1375 0.84375 0.17109375 0.28828125