5 0.3859375 0.55625 0.01640625 0.02265625
5 0.3546875 0.93671875 0.0453125 0.09453125
5 0.41953125 0.65 0.05859375 0.1
5 0.478125 0.734375 0.05 0.090625
5 0.353125 0.515625 0.01328125 0.0171875
5 0.34765625 0.5296875 0.00546875 0.0078125
0 0.2078125 0.628125 0.0625 0.07890625
5 0.4546875 0.73828125 0.03671875 0.08828125
5 0.2796875 0.5265625 0.0078125 0.01640625
0 0.39921875 0.7859375 0.09765625 0.19921875
5 0.3734375 0.5390625 0.00234375 0.00546875
5 0.33046875 0.51953125 0.02109375 0.0171875
5 0.4359375 0.94296875 0.02890625 0.11171875
5 0.35546875 0.51484375 0.0046875 0.00625
5 0.5703125 0.87890625 0.11484375 0.17265625
5 0.365625 0.53203125 0.00703125 0.01015625
5 0.3890625 0.5828125 0.0265625 0.02578125
5 0.309375 0.51640625 0.00703125 0.01484375
5 0.36484375 0.57890625 0.021875 0.07890625