5 0.22109375 0.58515625 0.0484375 0.03125
0 0.40546875 0.54609375 0.0296875 0.04375
5 0.07421875 0.81640625 0.103125 0.1703125
5 0.03984375 0.89765625 0.05 0.0828125
5 0.1984375 0.6265625 0.040625 0.040625
5 0.28515625 0.56953125 0.0796875 0.071875
5 0.29296875 0.54921875 0.0078125 0.015625
5 0.17265625 0.609375 0.071875 0.0453125
5 0.0734375 0.6796875 0.146875 0.14375
5 0.1640625 0.68984375 0.1078125 0.1390625
5 0.11796875 0.8046875 0.0265625 0.05
5 0.05234375 0.73984375 0.1046875 0.1359375
5 0.40078125 0.803125 0.1375 0.2875
5 0.2484375 0.5671875 0.05 0.0375
5 0.19375 0.821875 0.1734375 0.2890625