5 0.59609375 0.64765625 0.0109375 0.0359375
5 0.58984375 0.54765625 0.0046875 0.0140625
5 0.559375 0.978125 0.0140625 0.04375
5 0.65703125 0.69375 0.0375 0.0828125
5 0.775 0.64140625 0.015625 0.0125
5 0.675 0.88046875 0.0125 0.0703125
5 0.57109375 0.6734375 0.0140625 0.034375
5 0.60546875 0.815625 0.0203125 0.0578125
5 0.58671875 0.91171875 0.0375 0.1171875
5 0.584375 0.61796875 0.0078125 0.0609375
5 0.6546875 0.6421875 0.015625 0.025
5 0.55703125 0.80703125 0.040625 0.084375
5 0.596875 0.60234375 0.0078125 0.0328125
5 0.66171875 0.80625 0.0203125 0.06875
5 0.64453125 0.75703125 0.0125 0.0546875
5 0.5859375 0.5765625 0.0078125 0.01875
5 0.634375 0.93359375 0.034375 0.1328125
5 0.69765625 0.76796875 0.0171875 0.0265625
9 0.70703125 0.87890625 0.55625 0.0984375
5 0.82734375 0.671875 0.01875 0.015625
5 0.87421875 0.74140625 0.20625 0.1703125
5 0.63359375 0.6203125 0.0125 0.0234375