5 0.5109375 0.721875 0.025 0.065625
5 0.434375 0.63359375 0.046875 0.075
5 0.2984375 0.6875 0.028125 0.046875
5 0.1671875 0.98046875 0.13125 0.0390625
5 0.459375 0.70234375 0.021875 0.0265625
5 0.60234375 0.85703125 0.146875 0.265625
9 0.48203125 0.7640625 0.0609375 0.03125
5 0.4203125 0.84375 0.134375 0.3125
5 0.1921875 0.9109375 0.059375 0.0671875
5 0.31953125 0.7921875 0.053125 0.0671875
5 0.48125 0.88828125 0.0875 0.2234375
9 0.2609375 0.925 0.2796875 0.1265625
5 0.13671875 0.9390625 0.0546875 0.0734375
0 0.38046875 0.60625 0.034375 0.0421875
5 0.2609375 0.96171875 0.103125 0.0765625
5 0.30546875 0.73828125 0.0546875 0.0484375
5 0.409375 0.6515625 0.0296875 0.065625