8 0.4359375 0.5390625 0.00859375 0.00703125
8 0.30625 0.6515625 0.02109375 0.01015625
9 0.38125 0.59921875 0.0234375 0.0046875
8 0.434375 0.51484375 0.0171875 0.00625
8 0.21484375 0.69296875 0.01796875 0.00859375
5 0.4296875 0.66796875 0.0109375 0.02421875
5 0.4234375 0.59609375 0.00390625 0.01796875
8 0.40859375 0.559375 0.01640625 0.00546875
8 0.2796875 0.66796875 0.034375 0.01171875
9 0.0671875 0.89765625 0.13203125 0.0140625
5 0.4796875 0.72734375 0.0375 0.0546875
5 0.390625 0.5890625 0.015625 0.01484375
9 0.44375 0.609375 0.01640625 0.003125
0 0.434375 0.5640625 0.0234375 0.0203125
8 0.453125 0.51484375 0.0078125 0.0046875
5 0.22421875 0.8203125 0.27265625 0.34921875