5 0.17734375 0.7359375 0.009375 0.0140625
9 0.35078125 0.76953125 0.090625 0.0671875
5 0.3578125 0.60390625 0.0390625 0.0828125
5 0.28515625 0.90078125 0.0578125 0.16875
5 0.3359375 0.65703125 0.015625 0.0328125
9 0.3625 0.69921875 0.065625 0.05625
9 0.18359375 0.865625 0.3671875 0.175
5 0.05859375 0.78984375 0.0859375 0.0828125
5 0.39765625 0.7796875 0.0234375 0.1078125
5 0.49296875 0.8484375 0.0765625 0.246875
5 0.40390625 0.61328125 0.025 0.11875
5 0.43671875 0.7640625 0.0265625 0.0859375
5 0.17578125 0.7140625 0.034375 0.025
5 0.4734375 0.9625 0.01875 0.0734375
5 0.421875 0.84140625 0.0203125 0.078125
5 0.53671875 0.97421875 0.0171875 0.0515625
5 0.2453125 0.7125 0.075 0.115625
5 0.41484375 0.709375 0.009375 0.0609375
5 0.028125 0.84609375 0.0421875 0.0390625
5 0.31953125 0.61015625 0.034375 0.059375
5 0.4203125 0.6484375 0.0265625 0.05
9 0.053125 0.8734375 0.10625 0.034375
5 0.29609375 0.7484375 0.06875 0.1546875
5 0.1625 0.821875 0.053125 0.0671875