5 0.76875 0.89375 0.0796875 0.2
5 0.52890625 0.8671875 0.071875 0.2640625
5 0.5828125 0.70859375 0.0203125 0.0734375
5 0.57734375 0.8125 0.0265625 0.1640625
5 0.425 0.97578125 0.0140625 0.040625
5 0.43046875 0.91171875 0.053125 0.0890625
5 0.64375 0.5953125 0.0171875 0.0796875
5 0.70625 0.6109375 0.0203125 0.0234375
5 0.4796875 0.87734375 0.0875 0.1765625
5 0.753125 0.64375 0.03125 0.028125
5 0.590625 0.95390625 0.025 0.0875
5 0.91171875 0.91171875 0.0875 0.10625
5 0.82421875 0.74140625 0.1625 0.171875
5 0.6734375 0.82734375 0.084375 0.33125
5 0.37890625 0.96953125 0.0359375 0.0578125
5 0.68125 0.7125 0.10625 0.1703125