9 0.76171875 0.87421875 0.0625 0.025
5 0.57578125 0.64296875 0.08125 0.2125
0 0.603125 0.90234375 0.0625 0.1921875
5 0.95625 0.8609375 0.0140625 0.0125
5 0.59375 0.784375 0.025 0.0375
5 0.74921875 0.9375 0.0625 0.1125
5 0.68828125 0.6921875 0.0203125 0.046875
8 0.609375 0.8765625 0.03125 0.0328125
5 0.490625 0.86328125 0.0875 0.2421875
5 0.77734375 0.66171875 0.040625 0.04375
9 0.97578125 0.85 0.0484375 0.00625
5 0.8 0.88515625 0.084375 0.18125
5 0.67265625 0.65625 0.003125 0.0125
5 0.66796875 0.6640625 0.003125 0.0140625