5 0.0234375 0.78046875 0.046875 0.0546875
5 0.484375 0.81640625 0.0453125 0.0875
9 0.4015625 0.73828125 0.1546875 0.078125
9 0.41953125 0.85625 0.1703125 0.0796875
5 0.16328125 0.67890625 0.0265625 0.03125
9 0.34296875 0.6265625 0.20625 0.046875
5 0.3484375 0.634375 0.0484375 0.1359375
5 0.4078125 0.6078125 0.034375 0.0375
5 0.234375 0.61640625 0.05625 0.065625
5 0.11875 0.70546875 0.0203125 0.046875
9 0.2265625 0.67578125 0.2015625 0.0484375
5 0.459375 0.70625 0.0359375 0.075
5 0.06875 0.7546875 0.0375 0.0484375
9 0.19375 0.77265625 0.171875 0.0828125