5 0.56328125 0.5890625 0.009375 0.0140625
9 0.62578125 0.53125 0.0328125 0.0234375
5 0.79921875 0.70625 0.0640625 0.071875
5 0.68671875 0.82890625 0.04375 0.0828125
5 0.5890625 0.56875 0.01875 0.0453125
5 0.60078125 0.6015625 0.01875 0.0375
0 0.73046875 0.628125 0.096875 0.1015625
5 0.89453125 0.81953125 0.159375 0.1515625
5 0.80703125 0.9203125 0.1828125 0.159375
9 0.6546875 0.553125 0.0328125 0.01875
5 0.6640625 0.5796875 0.0125 0.0140625
5 0.68359375 0.57578125 0.015625 0.015625
5 0.90546875 0.77734375 0.1546875 0.1453125
0 0.49453125 0.79765625 0.1828125 0.4046875