5 0.571875 0.5875 0.01875 0.0375
5 0.63046875 0.640625 0.009375 0.028125
5 0.80078125 0.63046875 0.1484375 0.15625
5 0.59375 0.6875 0.009375 0.021875
5 0.52109375 0.75859375 0.0546875 0.078125
5 0.59765625 0.59140625 0.0296875 0.0828125
5 0.6109375 0.6640625 0.05 0.1140625
5 0.628125 0.75 0.0578125 0.1296875
5 0.6828125 0.91015625 0.0375 0.1234375
5 0.47734375 0.86953125 0.10625 0.1453125
5 0.54296875 0.7703125 0.0671875 0.1109375
5 0.56015625 0.6609375 0.0609375 0.10625
5 0.6125 0.88671875 0.06875 0.1453125
0 0.77890625 0.70390625 0.2328125 0.334375
5 0.4921875 0.91328125 0.13125 0.1734375
5 0.621875 0.528125 0.009375 0.0140625
5 0.640625 0.87578125 0.09375 0.209375
5 0.9375 0.75078125 0.125 0.1921875