5 0.66171875 0.88515625 0.0140625 0.0578125
5 0.640625 0.74921875 0.0171875 0.1390625
5 0.665625 0.9734375 0.0125 0.040625
5 0.71796875 0.6703125 0.0203125 0.034375
5 0.62734375 0.67421875 0.0265625 0.0359375
0 0.61484375 0.5984375 0.028125 0.121875
5 0.603125 0.884375 0.040625 0.221875
5 0.6765625 0.79140625 0.0125 0.053125
5 0.8265625 0.65625 0.1390625 0.125
5 0.946875 0.753125 0.0921875 0.0875
5 0.565625 0.97265625 0.015625 0.046875
5 0.63359375 0.86171875 0.0296875 0.0609375
5 0.7234375 0.5671875 0.0625 0.0546875
5 0.90390625 0.8875 0.0328125 0.0453125
5 0.85078125 0.78828125 0.0390625 0.03125
5 0.59921875 0.684375 0.0109375 0.0578125