5 0.3171875 0.9609375 0.10625 0.078125
5 0.52734375 0.815625 0.0484375 0.11875
0 0.515625 0.6671875 0.0796875 0.14375
0 0.26875 0.79140625 0.1484375 0.1125
5 0.5765625 0.80625 0.075 0.153125
5 0.14609375 0.97265625 0.0796875 0.0546875
5 0.64375 0.8125 0.059375 0.1046875
5 0.65546875 0.88984375 0.0546875 0.1015625
5 0.50390625 0.93828125 0.0921875 0.1234375
5 0.4171875 0.9203125 0.08125 0.159375
5 0.59375 0.73515625 0.025 0.04375
9 0.47890625 0.77890625 0.0875 0.053125
5 0.215625 0.90546875 0.046875 0.046875