0 0.40625 0.56171875 0.0296875 0.06875
5 0.28203125 0.65078125 0.05625 0.0859375
5 0.403125 0.8875 0.021875 0.21796875
5 0.42734375 0.8296875 0.03515625 0.340625
5 0.37265625 0.82265625 0.03203125 0.3546875
5 0.1421875 0.965625 0.03515625 0.06328125
5 0.325 0.60078125 0.0171875 0.0296875
5 0.48671875 0.9390625 0.021875 0.05234375
5 0.41484375 0.628125 0.0234375 0.06171875
0 0.33125 0.5640625 0.04140625 0.034375
5 0.3890625 0.6203125 0.015625 0.05234375
5 0.23359375 0.734375 0.0265625 0.05625
5 0.16640625 0.8421875 0.07578125 0.16171875
5 0.3296875 0.58359375 0.109375 0.021875