5 0.7140625 0.7109375 0.0484375 0.0828125
5 0.60703125 0.5953125 0.00625 0.0109375
5 0.70625 0.57578125 0.0203125 0.028125
5 0.659375 0.615625 0.0125 0.0296875
5 0.57734375 0.5875 0.0265625 0.040625
5 0.60078125 0.64296875 0.0296875 0.078125
5 0.59453125 0.88984375 0.096875 0.153125
5 0.9703125 0.775 0.059375 0.1
5 0.55546875 0.66875 0.021875 0.0453125
5 0.44765625 0.95859375 0.0734375 0.0828125
5 0.76796875 0.8375 0.0375 0.0796875
5 0.88203125 0.7125 0.0859375 0.0953125
5 0.66953125 0.61953125 0.0171875 0.0359375
5 0.584375 0.74921875 0.05 0.1390625