5 0.19375 0.91875 0.1328125 0.1609375
5 0.25859375 0.66875 0.0875 0.0796875
5 0.4046875 0.78828125 0.028125 0.05390625
5 0.28671875 0.84140625 0.12890625 0.3125
5 0.44765625 0.56484375 0.01640625 0.01875
5 0.1140625 0.79140625 0.1953125 0.16953125
5 0.365625 0.8515625 0.0609375 0.2953125
5 0.478125 0.57734375 0.02734375 0.04140625
5 0.35234375 0.58671875 0.09375 0.0703125
5 0.16640625 0.71640625 0.090625 0.078125
5 0.371875 0.6609375 0.0375 0.0796875
5 0.49140625 0.9796875 0.01640625 0.03984375
5 0.4703125 0.62890625 0.0171875 0.05390625