5 0.2328125 0.79765625 0.0109375 0.0140625
9 0.41015625 0.7953125 0.096875 0.0765625
5 0.38203125 0.63125 0.046875 0.0859375
5 0.371875 0.925 0.075 0.15
5 0.0765625 0.96875 0.01875 0.021875
5 0.37265625 0.68828125 0.01875 0.034375
9 0.40703125 0.7234375 0.0703125 0.0625
9 0.25390625 0.909375 0.4015625 0.18125
5 0.128125 0.875 0.09375 0.090625
5 0.4578125 0.79453125 0.034375 0.1078125
5 0.565625 0.8421875 0.1015625 0.2515625
5 0.4296875 0.63046875 0.0375 0.1203125
5 0.49296875 0.771875 0.034375 0.0875
5 0.22734375 0.7765625 0.0359375 0.028125
5 0.5703125 0.9578125 0.0265625 0.0734375
5 0.49453125 0.85078125 0.028125 0.078125
5 0.6359375 0.95703125 0.0234375 0.0546875
5 0.2953125 0.7609375 0.0859375 0.121875
5 0.46015625 0.72265625 0.0140625 0.0609375
5 0.11015625 0.93671875 0.0453125 0.0421875
5 0.346875 0.6453125 0.040625 0.0625
5 0.453125 0.66171875 0.03125 0.0515625
9 0.1375 0.959375 0.115625 0.0453125
5 0.35234375 0.78515625 0.084375 0.159375
5 0.23671875 0.88515625 0.059375 0.071875