5 0.25390625 0.93359375 0.1546875 0.1328125
5 0.284375 0.70078125 0.0984375 0.090625
5 0.44609375 0.7984375 0.0359375 0.0578125
5 0.3359375 0.8515625 0.171875 0.296875
5 0.45703125 0.571875 0.01875 0.0203125
5 0.15859375 0.8421875 0.2171875 0.1953125
5 0.41484375 0.8578125 0.1015625 0.284375
5 0.4890625 0.5796875 0.0328125 0.0453125
5 0.365625 0.60625 0.103125 0.0828125
5 0.2 0.7609375 0.1 0.090625
5 0.3953125 0.67734375 0.0484375 0.084375
5 0.55859375 0.9765625 0.021875 0.0421875
5 0.48828125 0.63203125 0.025 0.05625