9 0.4109375 0.69765625 0.1671875 0.053125
5 0.1984375 0.7421875 0.04375 0.0453125
5 0.32265625 0.5796875 0.021875 0.0703125
5 0.421875 0.6921875 0.034375 0.0828125
0 0.33515625 0.5765625 0.0234375 0.0578125
0 0.32421875 0.67109375 0.0734375 0.1171875
5 0.2359375 0.66953125 0.0828125 0.09375
5 0.51953125 0.7296875 0.046875 0.084375
0 0.39609375 0.61875 0.0453125 0.0796875
5 0.28359375 0.58203125 0.0109375 0.025
5 0.46171875 0.8140625 0.0796875 0.1828125
5 0.14140625 0.8796875 0.1890625 0.2140625
5 0.17734375 0.74765625 0.0453125 0.05
0 0.36640625 0.56875 0.0265625 0.0328125