5 0.7578125 0.74140625 0.0375 0.05
5 0.63046875 0.828125 0.01875 0.0359375
5 0.90390625 0.82734375 0.109375 0.0890625
9 0.63203125 0.7765625 0.165625 0.0625
9 0.784375 0.7734375 0.1328125 0.03125
8 0.57578125 0.6640625 0.009375 0.0078125
5 0.640625 0.696875 0.046875 0.0421875
9 0.74921875 0.784375 0.0375 0.0125
9 0.590625 0.81796875 0.0515625 0.021875
9 0.62734375 0.74296875 0.0515625 0.028125
5 0.7125 0.6984375 0.0359375 0.053125
5 0.69453125 0.7109375 0.0234375 0.03125
8 0.56171875 0.678125 0.0171875 0.0078125
5 0.715625 0.79296875 0.021875 0.040625
9 0.81171875 0.75 0.0640625 0.0234375
9 0.6828125 0.7546875 0.025 0.0140625