5 0.55703125 0.62890625 0.0140625 0.021875
5 0.77734375 0.65625 0.04375 0.0453125
5 0.609375 0.61796875 0.0171875 0.0390625
5 0.82421875 0.84609375 0.0375 0.071875
5 0.6125 0.578125 0.009375 0.015625
0 0.56171875 0.88125 0.128125 0.2375
5 0.58046875 0.6953125 0.04375 0.1390625
5 0.90234375 0.721875 0.0546875 0.06875
5 0.6 0.56328125 0.009375 0.0265625
9 0.8625 0.78203125 0.121875 0.0515625
5 0.903125 0.88515625 0.1140625 0.19375
5 0.79296875 0.86015625 0.1140625 0.234375
5 0.7484375 0.65625 0.0140625 0.0359375
9 0.828125 0.67734375 0.0390625 0.0171875
5 0.4625 0.8296875 0.0375 0.0734375