5 0.4375 0.9453125 0.046875 0.10625
9 0.5828125 0.6625 0.0890625 0.0328125
5 0.46875 0.934375 0.040625 0.0515625
5 0.503125 0.8671875 0.05625 0.10625
5 0.6578125 0.82578125 0.2125 0.3234375
0 0.7859375 0.9546875 0.209375 0.090625
5 0.8359375 0.8625 0.1578125 0.1640625
5 0.76640625 0.76875 0.1015625 0.1015625
5 0.4890625 0.728125 0.034375 0.0390625
5 0.47890625 0.83984375 0.053125 0.1421875
5 0.87890625 0.90703125 0.084375 0.0828125
5 0.5671875 0.62265625 0.0359375 0.1
5 0.39453125 0.878125 0.1046875 0.2203125
5 0.51796875 0.71953125 0.0421875 0.115625