5 0.12421875 0.8015625 0.24375 0.24296875
5 0.203125 0.85078125 0.16484375 0.25703125
5 0.26640625 0.85625 0.1140625 0.28515625
5 0.6265625 0.9515625 0.04140625 0.0890625
5 0.32890625 0.65859375 0.05546875 0.0609375
5 0.43125 0.73046875 0.025 0.0578125
9 0.50234375 0.671875 0.03359375 0.0125
5 0.27734375 0.63515625 0.09453125 0.06796875
9 0.2203125 0.67421875 0.06328125 0.01015625
5 0.459375 0.62890625 0.04453125 0.12421875
9 0.38515625 0.7015625 0.18125 0.02265625
5 0.446875 0.7703125 0.01953125 0.0890625