9 0.28046875 0.74765625 0.06875 0.021875
0 0.33359375 0.7328125 0.05625 0.11875
5 0.18203125 0.75859375 0.1140625 0.1140625
5 0.2640625 0.94921875 0.034375 0.1015625
5 0.28671875 0.61484375 0.0125 0.0375
5 0.0828125 0.95078125 0.071875 0.0984375
5 0.33828125 0.65546875 0.0265625 0.0390625
5 0.05625 0.81875 0.084375 0.0625
9 0.3 0.6890625 0.0609375 0.0171875
5 0.309375 0.62578125 0.0109375 0.0234375
8 0.184375 0.90078125 0.0640625 0.1109375
5 0.25234375 0.6796875 0.0359375 0.040625
5 0.2875 0.65390625 0.0140625 0.0375
5 0.13984375 0.73125 0.1078125 0.09375