5 0.13125 0.77421875 0.0546875 0.075
5 0.0515625 0.81875 0.103125 0.171875
0 0.41796875 0.72890625 0.1734375 0.2703125
5 0.3875 0.5921875 0.0203125 0.0453125
9 0.22421875 0.7375 0.0890625 0.03125
5 0.534375 0.85546875 0.0375 0.0609375
5 0.2 0.65625 0.0109375 0.015625
5 0.428125 0.58125 0.0203125 0.0328125
9 0.18671875 0.73125 0.0796875 0.0453125
5 0.31953125 0.7328125 0.0359375 0.0609375
9 0.27109375 0.69375 0.115625 0.05
9 0.21328125 0.6671875 0.2859375 0.0859375
5 0.4703125 0.61171875 0.009375 0.0203125
9 0.30625 0.64453125 0.096875 0.034375
9 0.16796875 0.64296875 0.0796875 0.01875
5 0.52890625 0.934375 0.0703125 0.13125
5 0.1828125 0.684375 0.071875 0.059375