5 0.77890625 0.925 0.1921875 0.15
9 0.640625 0.6640625 0.0625 0.0265625
5 0.39296875 0.91171875 0.065625 0.1515625
9 0.546875 0.6703125 0.1296875 0.0546875
8 0.6203125 0.70078125 0.0390625 0.05
5 0.8640625 0.94375 0.11875 0.1125
5 0.6578125 0.834375 0.0640625 0.159375
5 0.80078125 0.85078125 0.08125 0.0765625
9 0.67109375 0.6921875 0.034375 0.0234375
5 0.42265625 0.9703125 0.028125 0.0484375
5 0.70234375 0.7125 0.090625 0.115625
5 0.74921875 0.7703125 0.0796875 0.0859375
5 0.65078125 0.953125 0.0578125 0.09375
5 0.44609375 0.82109375 0.0359375 0.115625
5 0.7328125 0.71484375 0.0328125 0.040625
5 0.58203125 0.603125 0.0390625 0.04375
5 0.45546875 0.94765625 0.025 0.05625
5 0.75390625 0.840625 0.05 0.0609375