5 0.334375 0.75078125 0.0265625 0.0578125
5 0.353125 0.65390625 0.01796875 0.04453125
5 0.0671875 0.86640625 0.134375 0.1671875
5 0.2046875 0.78515625 0.090625 0.15703125
5 0.3890625 0.59609375 0.01171875 0.015625
5 0.4890625 0.9203125 0.02890625 0.15625
5 0.44765625 0.81640625 0.03046875 0.10546875
5 0.37890625 0.56796875 0.01171875 0.02890625
5 0.4015625 0.578125 0.01015625 0.01796875
5 0.27265625 0.9484375 0.028125 0.10234375
5 0.2703125 0.74375 0.1671875 0.39609375
5 0.4328125 0.709375 0.071875 0.13671875
5 0.4171875 0.9734375 0.01796875 0.05234375
5 0.37265625 0.70859375 0.0140625 0.05859375
5 0.40546875 0.61953125 0.00859375 0.03984375
5 0.36953125 0.575 0.0078125 0.02578125
5 0.409375 0.90234375 0.04296875 0.065625
5 0.153125 0.95625 0.06640625 0.08515625
5 0.32265625 0.83671875 0.0375 0.128125
5 0.37265625 0.61640625 0.00703125 0.01953125