5 0.5 0.8109375 0.0203125 0.03125
9 0.24375 0.9828125 0.171875 0.034375
5 0.44765625 0.66015625 0.0125 0.0359375
5 0.51796875 0.715625 0.0453125 0.1046875
5 0.4453125 0.55546875 0.0078125 0.009375
5 0.1109375 0.83125 0.0953125 0.1296875
5 0.56640625 0.9625 0.025 0.071875
5 0.47421875 0.58203125 0.0140625 0.0234375
5 0.43203125 0.78203125 0.0296875 0.075
5 0.2625 0.7359375 0.0640625 0.065625
5 0.38828125 0.8921875 0.0484375 0.1078125
5 0.37109375 0.975 0.01875 0.0484375
5 0.17109375 0.71953125 0.103125 0.071875
5 0.415625 0.71796875 0.025 0.05625
5 0.43125 0.6296875 0.021875 0.0203125
5 0.61875 0.92109375 0.0328125 0.0359375
5 0.5296875 0.8515625 0.03125 0.13125
9 0.47265625 0.5640625 0.0140625 0.0125
9 0.2109375 0.88515625 0.4109375 0.1546875
9 0.5828125 0.8984375 0.0734375 0.0171875