5 0.4984375 0.68046875 0.03359375 0.06484375
5 0.43515625 0.90859375 0.01015625 0.05625
5 0.43515625 0.80234375 0.025 0.071875
5 0.29609375 0.72421875 0.01171875 0.0203125
8 0.215625 0.82578125 0.02578125 0.046875
5 0.4109375 0.68359375 0.025 0.08203125
5 0.4109375 0.753125 0.0109375 0.0484375
9 0.50390625 0.72734375 0.0859375 0.0140625
9 0.08359375 0.84375 0.07734375 0.02265625
9 0.43984375 0.7375 0.03984375 0.04375
9 0.23125 0.65078125 0.2203125 0.078125
5 0.15390625 0.92578125 0.075 0.13046875
5 0.3578125 0.60546875 0.03515625 0.01796875
0 0.396875 0.58671875 0.05859375 0.1125
5 0.41171875 0.8015625 0.01328125 0.025