8 0.4390625 0.54375 0.009375 0.0078125
8 0.3171875 0.66484375 0.021875 0.0109375
9 0.38828125 0.60703125 0.0234375 0.00625
8 0.4359375 0.51953125 0.0171875 0.0078125
8 0.22890625 0.7125 0.01875 0.009375
5 0.44140625 0.67265625 0.0125 0.025
5 0.43046875 0.6015625 0.0046875 0.01875
8 0.41328125 0.565625 0.0171875 0.00625
8 0.2921875 0.6828125 0.034375 0.0140625
9 0.09609375 0.9265625 0.1328125 0.0234375
5 0.4953125 0.728125 0.040625 0.0578125
5 0.396875 0.59609375 0.0171875 0.015625
9 0.4515625 0.61328125 0.0171875 0.0046875
0 0.4390625 0.56875 0.025 0.021875
8 0.45390625 0.51796875 0.0078125 0.0046875
5 0.246875 0.82734375 0.296875 0.3453125