5 0.43203125 0.55859375 0.03046875 0.03515625
5 0.1671875 0.9421875 0.05703125 0.11484375
9 0.24375 0.65234375 0.06640625 0.01171875
5 0.43046875 0.6140625 0.015625 0.0296875
5 0.375 0.6171875 0.01953125 0.02109375
5 0.396875 0.65 0.02578125 0.02578125
5 0.1140625 0.77265625 0.228125 0.18046875
5 0.4171875 0.5890625 0.040625 0.03125
9 0.1875 0.8171875 0.03046875 0.0078125
5 0.38359375 0.58984375 0.0328125 0.03046875
5 0.22109375 0.66640625 0.04765625 0.02578125
9 0.378125 0.8453125 0.3 0.06796875
5 0.39375 0.69296875 0.015625 0.06015625
5 0.29140625 0.6421875 0.13125 0.08203125
5 0.46015625 0.92421875 0.05 0.15078125
5 0.39296875 0.625 0.01328125 0.01875
5 0.440625 0.74609375 0.028125 0.1828125