5 0.3078125 0.6125 0.0234375 0.021875
5 0.17890625 0.934375 0.0796875 0.13125
9 0.36953125 0.59296875 0.175 0.0171875
9 0.290625 0.86640625 0.553125 0.059375
5 0.4203125 0.55078125 0.0140625 0.0265625
5 0.446875 0.74140625 0.00625 0.0234375
5 0.4328125 0.565625 0.003125 0.00625
5 0.33046875 0.6703125 0.0328125 0.046875
5 0.37109375 0.55625 0.0265625 0.0125
5 0.365625 0.60859375 0.01875 0.015625
9 0.20625 0.703125 0.0984375 0.0203125
8 0.27265625 0.784375 0.0234375 0.0234375
5 0.434375 0.59140625 0.0171875 0.0453125
5 0.43203125 0.55859375 0.015625 0.015625
5 0.42734375 0.7 0.01875 0.0515625
5 0.3359375 0.59140625 0.0328125 0.015625
5 0.43359375 0.65 0.021875 0.040625
5 0.16640625 0.72578125 0.0265625 0.034375
5 0.2 0.68671875 0.0375 0.03125