5 0.3265625 0.6 0.05390625 0.1015625
5 0.28046875 0.609375 0.03125 0.0234375
5 0.07109375 0.94765625 0.0609375 0.090625
5 0.3609375 0.53359375 0.01171875 0.01171875
5 0.2265625 0.67734375 0.0546875 0.0578125
5 0.22734375 0.821875 0.05546875 0.190625
5 0.1515625 0.7421875 0.05234375 0.04296875
5 0.440625 0.97421875 0.02109375 0.04765625
5 0.44765625 0.8875 0.01328125 0.0890625
5 0.415625 0.828125 0.03203125 0.103125
5 0.1640625 0.9296875 0.0765625 0.12265625
5 0.0234375 0.87109375 0.04453125 0.046875
0 0.40234375 0.64609375 0.03984375 0.15078125