9 0.74921875 0.5890625 0.0359375 0.0140625
5 0.7609375 0.66015625 0.0171875 0.028125
5 0.66171875 0.81015625 0.0171875 0.0359375
5 0.6953125 0.6203125 0.0140625 0.0234375
0 0.540625 0.58359375 0.078125 0.096875
5 0.82890625 0.7578125 0.0265625 0.0546875
5 0.62734375 0.55078125 0.00625 0.0171875
5 0.49609375 0.884375 0.1359375 0.23125
9 0.7 0.72890625 0.3328125 0.0671875
9 0.6390625 0.61640625 0.075 0.0171875
9 0.71171875 0.6515625 0.3765625 0.0875
5 0.61171875 0.77734375 0.0359375 0.0390625
9 0.6546875 0.56640625 0.1375 0.025
5 0.696875 0.88515625 0.0375 0.13125
5 0.73359375 0.5671875 0.021875 0.0234375