5 0.49296875 0.8203125 0.0390625 0.084375
5 0.79921875 0.91640625 0.071875 0.128125
5 0.99453125 0.8453125 0.0109375 0.04375
5 0.63046875 0.71953125 0.0171875 0.05625
5 0.72265625 0.62421875 0.0421875 0.059375
5 0.57578125 0.84453125 0.084375 0.303125
5 0.93828125 0.75390625 0.1234375 0.1578125
5 0.65859375 0.58671875 0.025 0.0546875
5 0.52421875 0.72734375 0.01875 0.0484375
5 0.73984375 0.5796875 0.0484375 0.0484375
5 0.8796875 0.65703125 0.0625 0.0578125
5 0.875 0.91875 0.0703125 0.109375
5 0.43828125 0.92265625 0.0609375 0.1546875
5 0.60234375 0.57109375 0.03125 0.109375
5 0.90390625 0.8875 0.115625 0.16875
0 0.7703125 0.76171875 0.1625 0.2125
5 0.9171875 0.77890625 0.1296875 0.15