5 0.26953125 0.6921875 0.02109375 0.02109375
9 0.375 0.70546875 0.0296875 0.0375
5 0.27109375 0.67265625 0.00546875 0.01640625
5 0.32890625 0.609375 0.01171875 0.02578125
5 0.3359375 0.65625 0.00703125 0.015625
9 0.32734375 0.64140625 0.02578125 0.01484375
5 0.3140625 0.67265625 0.00859375 0.01640625
9 0.19453125 0.78984375 0.2140625 0.02890625
9 0.4265625 0.78984375 0.165625 0.01328125
5 0.290625 0.72734375 0.0140625 0.01796875
0 0.07421875 0.8015625 0.0390625 0.04453125
9 0.2984375 0.628125 0.034375 0.01640625
9 0.3515625 0.6734375 0.034375 0.025
0 0.296875 0.88515625 0.1734375 0.22890625
5 0.32265625 0.64921875 0.0046875 0.01328125
5 0.29453125 0.65703125 0.00546875 0.02109375
5 0.196875 0.71796875 0.0140625 0.0140625
5 0.2921875 0.75625 0.0078125 0.02734375