5 0.69921875 0.6703125 0.03125 0.0546875
8 0.540625 0.60390625 0.0359375 0.0171875
0 0.58203125 0.56328125 0.0234375 0.0359375
8 0.5578125 0.5828125 0.0171875 0.009375
5 0.78828125 0.93203125 0.03125 0.1203125
0 0.5765625 0.5359375 0.0140625 0.0203125
9 0.63671875 0.61015625 0.171875 0.0109375
8 0.45703125 0.578125 0.0671875 0.0265625
5 0.58515625 0.59765625 0.0109375 0.03125
9 0.65625 0.778125 0.20625 0.01875
5 0.55546875 0.72265625 0.0203125 0.0765625
5 0.57578125 0.65703125 0.0234375 0.0578125
9 0.63828125 0.621875 0.1765625 0.0125
5 0.81015625 0.83984375 0.01875 0.06875
5 0.51171875 0.94765625 0.0453125 0.1
5 0.74296875 0.7390625 0.05 0.0671875
5 0.85078125 0.9359375 0.06875 0.10625
9 0.91484375 0.76484375 0.1703125 0.0265625