5 0.496875 0.6359375 0.0078125 0.0171875
5 0.5234375 0.72109375 0.0296875 0.09375
5 0.653125 0.69140625 0.021875 0.0328125
5 0.61171875 0.6046875 0.009375 0.0171875
5 0.62578125 0.55546875 0.0375 0.03125
5 0.5296875 0.62890625 0.025 0.05
5 0.94921875 0.740625 0.1015625 0.05
5 0.8390625 0.71015625 0.125 0.1125
5 0.6234375 0.6609375 0.0203125 0.025
9 0.5203125 0.56328125 0.0140625 0.0078125
5 0.52734375 0.55625 0.003125 0.0140625
5 0.4125 0.89140625 0.053125 0.1234375
5 0.52265625 0.88125 0.0515625 0.234375
5 0.54140625 0.5640625 0.009375 0.0296875
5 0.45078125 0.94375 0.0234375 0.1125
5 0.8890625 0.74296875 0.0359375 0.040625
5 0.7015625 0.621875 0.15 0.1
5 0.60390625 0.59296875 0.003125 0.0078125
5 0.521875 0.66640625 0.0125 0.034375
5 0.57578125 0.74921875 0.0125 0.034375
5 0.49765625 0.60859375 0.0078125 0.0296875
5 0.5171875 0.575 0.003125 0.015625
5 0.73828125 0.84140625 0.1015625 0.2953125
5 0.68671875 0.79140625 0.0171875 0.034375
5 0.51796875 0.5921875 0.0046875 0.009375
5 0.78203125 0.63984375 0.0390625 0.0421875
5 0.6234375 0.6265625 0.0109375 0.03125
5 0.909375 0.7109375 0.034375 0.025
5 0.47578125 0.83828125 0.0203125 0.0359375
9 0.4953125 0.8125 0.03125 0.021875
5 0.609375 0.64296875 0.0125 0.0140625