5 0.2359375 0.575 0.059375 0.0546875
5 0.4265625 0.63984375 0.0109375 0.0171875
5 0.48046875 0.8859375 0.09375 0.125
0 0.38984375 0.53046875 0.028125 0.0453125
5 0.38046875 0.73671875 0.146875 0.353125
5 0.36328125 0.52734375 0.009375 0.015625
5 0.3375 0.5171875 0.0484375 0.046875
5 0.41015625 0.6265625 0.025 0.025
5 0.34453125 0.7046875 0.075 0.215625
5 0.40859375 0.534375 0.0203125 0.0375
5 0.31875 0.5625 0.028125 0.0375
5 0.278125 0.55234375 0.040625 0.0390625
5 0.440625 0.8234375 0.103125 0.203125
9 0.2390625 0.63046875 0.1640625 0.06875