5 0.5390625 0.6765625 0.046875 0.0703125
5 0.52890625 0.9125 0.021875 0.0578125
5 0.5046875 0.809375 0.040625 0.075
5 0.3515625 0.7640625 0.015625 0.021875
8 0.29609375 0.88125 0.0359375 0.0515625
5 0.4546875 0.69921875 0.0421875 0.0859375
5 0.4703125 0.76640625 0.021875 0.05
9 0.5546875 0.7203125 0.0875 0.0328125
9 0.171875 0.92890625 0.0796875 0.0390625
9 0.49453125 0.7453125 0.0484375 0.0515625
9 0.271875 0.70703125 0.2328125 0.125
5 0.2578125 0.96015625 0.103125 0.0796875
5 0.38515625 0.634375 0.0390625 0.025
0 0.41875 0.6078125 0.0828125 0.1234375
5 0.48203125 0.8140625 0.01875 0.028125