9 0.62734375 0.5890625 0.0796875 0.03125
5 0.609375 0.5578125 0.0203125 0.0359375
9 0.75390625 0.575 0.040625 0.01875
5 0.6265625 0.8765625 0.0390625 0.0984375
9 0.19453125 0.72265625 0.090625 0.0390625
5 0.79375 0.67109375 0.025 0.028125
5 0.61875 0.58203125 0.0125 0.0171875
5 0.8421875 0.59453125 0.04375 0.0359375
9 0.16484375 0.74296875 0.0578125 0.0328125
5 0.79765625 0.7359375 0.01875 0.028125
5 0.7640625 0.696875 0.0359375 0.053125
9 0.65390625 0.62890625 0.153125 0.05
5 0.72109375 0.6265625 0.01875 0.0265625
0 0.6796875 0.5640625 0.0390625 0.0484375
9 0.77421875 0.6609375 0.4078125 0.1171875
9 0.69921875 0.653125 0.1421875 0.046875
5 0.62734375 0.78359375 0.0203125 0.040625