5 0.4375 0.7375 0.02890625 0.05390625
5 0.16796875 0.709375 0.04296875 0.0359375
5 0.34765625 0.6234375 0.00703125 0.01875
5 0.31796875 0.60234375 0.02265625 0.03984375
5 0.50390625 0.878125 0.09296875 0.240625
9 0.353125 0.58359375 0.05703125 0.015625
9 0.22265625 0.68046875 0.06953125 0.01953125
5 0.4 0.6046875 0.00546875 0.028125
5 0.365625 0.62734375 0.0140625 0.07265625
5 0.4140625 0.87890625 0.028125 0.24140625
9 0.2453125 0.63515625 0.02265625 0.0125
0 0.4109375 0.65703125 0.071875 0.10234375
5 0.2140625 0.65546875 0.04296875 0.0359375
5 0.3140625 0.575 0.03046875 0.02265625
9 0.453125 0.66328125 0.03125 0.0203125
5 0.53203125 0.85078125 0.04609375 0.06015625
5 0.40625 0.56875 0.00546875 0.01875
5 0.4203125 0.59140625 0.003125 0.009375
5 0.3171875 0.93125 0.0234375 0.13125
5 0.3046875 0.78828125 0.04765625 0.2359375
5 0.41015625 0.7265625 0.0109375 0.0390625
5 0.465625 0.73828125 0.02734375 0.0546875
5 0.26328125 0.62578125 0.015625 0.01953125
5 0.50234375 0.7734375 0.084375 0.14140625
5 0.17890625 0.84140625 0.2125 0.30859375
5 0.4140625 0.60390625 0.0046875 0.02421875
5 0.3796875 0.60859375 0.0125 0.03046875
5 0.3953125 0.57265625 0.00859375 0.0140625
5 0.2625 0.82890625 0.0140625 0.05546875