9 0.34921875 0.6546875 0.1671875 0.053125
5 0.13359375 0.62421875 0.04375 0.0453125
5 0.30625 0.5140625 0.021875 0.0703125
5 0.3609375 0.65390625 0.034375 0.0828125
0 0.31875 0.515625 0.0234375 0.0578125
0 0.27578125 0.60078125 0.0734375 0.1171875
5 0.19375 0.56875 0.0828125 0.09375
5 0.43984375 0.72265625 0.046875 0.084375
0 0.36171875 0.5765625 0.0453125 0.0796875
5 0.26875 0.503125 0.0109375 0.025
5 0.35703125 0.78203125 0.0796875 0.1828125
5 0.0640625 0.73359375 0.128125 0.2140625
5 0.11171875 0.621875 0.0453125 0.05
0 0.35078125 0.51875 0.0265625 0.0328125