5 0.20078125 0.653125 0.0421875 0.0375
5 0.25390625 0.8203125 0.0828125 0.1640625
5 0.19453125 0.6796875 0.03046875 0.01953125
5 0.56484375 0.8984375 0.13671875 0.19921875
5 0.11640625 0.753125 0.09453125 0.0921875
5 0.284375 0.88828125 0.0234375 0.0703125
5 0.3046875 0.61875 0.0109375 0.01015625
5 0.2046875 0.95234375 0.05625 0.09140625
5 0.0765625 0.75078125 0.0828125 0.06328125
9 0.109375 0.846875 0.19296875 0.12109375
9 0.35390625 0.95 0.23828125 0.0625
9 0.3671875 0.66171875 0.05859375 0.06015625
9 0.3796875 0.60859375 0.0578125 0.0125
5 0.15390625 0.684375 0.0453125 0.03671875
5 0.32734375 0.67265625 0.0140625 0.0203125
5 0.35625 0.72421875 0.04921875 0.05625
5 0.40546875 0.6046875 0.025 0.03828125
5 0.278125 0.9703125 0.02421875 0.0546875
5 0.46875 0.975 0.03359375 0.0453125
5 0.44296875 0.85859375 0.04921875 0.2203125
5 0.25078125 0.634375 0.03125 0.02109375
5 0.4609375 0.6578125 0.03671875 0.08203125
5 0.0234375 0.8265625 0.0453125 0.04375