5 0.08515625 0.8671875 0.04375 0.05
5 0.5453125 0.81328125 0.034375 0.084375
9 0.4484375 0.75234375 0.15 0.0609375
5 0.03515625 0.93515625 0.0359375 0.0421875
9 0.4890625 0.86484375 0.165625 0.0609375
5 0.203125 0.73984375 0.0234375 0.0296875
9 0.3703125 0.65390625 0.2078125 0.021875
5 0.3765625 0.6609375 0.03125 0.134375
5 0.4296875 0.6234375 0.0296875 0.034375
5 0.2609375 0.66484375 0.05 0.0609375
5 0.16484375 0.77421875 0.015625 0.0453125
9 0.265625 0.725 0.2015625 0.0234375
5 0.49921875 0.71015625 0.0265625 0.0734375
5 0.12578125 0.83203125 0.03125 0.0453125
9 0.25078125 0.82578125 0.1671875 0.0640625