5 0.76484375 0.70703125 0.0484375 0.0453125
5 0.68046875 0.86171875 0.1125 0.1765625
5 0.765625 0.734375 0.034375 0.025
5 0.36015625 0.87890625 0.171875 0.221875
5 0.828125 0.821875 0.1109375 0.1078125
5 0.6375 0.92265625 0.0359375 0.0734375
5 0.66875 0.65390625 0.0125 0.0125
5 0.70390625 0.975 0.0734375 0.05
5 0.86796875 0.82734375 0.09375 0.078125
9 0.8171875 0.91484375 0.2125 0.15625
9 0.55703125 0.9578125 0.2453125 0.084375
9 0.59921875 0.684375 0.06875 0.0703125
9 0.59765625 0.6296875 0.059375 0.0234375
5 0.8046875 0.746875 0.0515625 0.0453125
5 0.63671875 0.70234375 0.0171875 0.021875
5 0.5984375 0.74765625 0.059375 0.0640625
5 0.57265625 0.62109375 0.03125 0.0421875
5 0.628125 0.9875 0.034375 0.025
5 0.43984375 0.971875 0.0421875 0.0515625
5 0.4875 0.8625 0.090625 0.225
5 0.71875 0.6796875 0.034375 0.0265625
5 0.50859375 0.6625 0.0515625 0.0875
5 0.90546875 0.91171875 0.053125 0.0515625