5 0.1671875 0.8171875 0.046875 0.06953125
5 0.06953125 0.875 0.13515625 0.15703125
0 0.446875 0.7375 0.14296875 0.2546875
5 0.39921875 0.60546875 0.015625 0.04375
9 0.25546875 0.76953125 0.0875 0.02109375
5 0.57734375 0.8484375 0.03125 0.0578125
5 0.22109375 0.69140625 0.00859375 0.01484375
5 0.43828125 0.5890625 0.0171875 0.03046875
9 0.2171875 0.76796875 0.0765625 0.0359375
5 0.34921875 0.753125 0.0296875 0.0578125
9 0.29609375 0.7203125 0.11171875 0.03671875
9 0.2359375 0.70078125 0.28125 0.0515625
5 0.484375 0.61484375 0.00703125 0.01953125
9 0.325 0.6671875 0.09453125 0.02265625
9 0.1875 0.68203125 0.0796875 0.00859375
5 0.5828125 0.93046875 0.05546875 0.13046875
5 0.2078125 0.721875 0.065625 0.0515625