5 0.1671875 0.88671875 0.02265625 0.04609375
5 0.4296875 0.86953125 0.0125 0.128125
9 0.40703125 0.5765625 0.02421875 0.003125
5 0.2765625 0.58125 0.053125 0.0375
5 0.1015625 0.74296875 0.04609375 0.05859375
5 0.2671875 0.6203125 0.09140625 0.0765625
5 0.2078125 0.78828125 0.08515625 0.1390625
9 0.39140625 0.534375 0.0109375 0.00625
8 0.48125 0.765625 0.03203125 0.01640625
5 0.3953125 0.57734375 0.0125 0.0203125
9 0.12421875 0.81484375 0.07890625 0.015625
5 0.3890625 0.55859375 0.0125 0.0140625
5 0.4046875 0.60859375 0.01640625 0.015625
9 0.23203125 0.70546875 0.2625 0.00859375
5 0.37109375 0.64375 0.01953125 0.0890625
5 0.37421875 0.58359375 0.015625 0.03984375
9 0.18359375 0.665625 0.0734375 0.0125
5 0.41015625 0.778125 0.01796875 0.05234375
9 0.259375 0.7390625 0.06171875 0.01484375
9 0.3203125 0.79765625 0.38203125 0.03359375
9 0.07421875 0.778125 0.07578125 0.0125
9 0.146875 0.771875 0.065625 0.01796875