5 0.43671875 0.93515625 0.03515625 0.12421875
5 0.49921875 0.88984375 0.0390625 0.21640625
5 0.47734375 0.54609375 0.01640625 0.0125
5 0.06015625 0.80234375 0.11328125 0.08984375
5 0.44375 0.553125 0.04609375 0.02734375
5 0.3390625 0.678125 0.10078125 0.0984375
5 0.38984375 0.57734375 0.05625 0.04609375
5 0.45 0.67109375 0.021875 0.046875
5 0.3484375 0.61484375 0.0234375 0.0265625
5 0.40859375 0.60234375 0.0171875 0.02890625
0 0.44609375 0.61171875 0.040625 0.06875
5 0.1578125 0.7609375 0.08203125 0.07421875
5 0.06015625 0.85859375 0.1140625 0.12578125
5 0.3 0.59921875 0.0515625 0.0671875