5 0.765625 0.7890625 0.0296875 0.065625
5 0.76875 0.5921875 0.0359375 0.0328125
5 0.63671875 0.6953125 0.0390625 0.1015625
5 0.55859375 0.92734375 0.009375 0.05
5 0.440625 0.95078125 0.040625 0.0875
5 0.809375 0.61171875 0.015625 0.021875
5 0.7203125 0.71484375 0.021875 0.0640625
9 0.69453125 0.9828125 0.0546875 0.034375
5 0.6828125 0.64921875 0.0203125 0.096875
5 0.6765625 0.853125 0.0125 0.053125
5 0.6765625 0.94375 0.0203125 0.040625
5 0.6640625 0.60703125 0.0359375 0.06875
5 0.521875 0.7859375 0.028125 0.0515625
5 0.71796875 0.85703125 0.028125 0.034375
5 0.540625 0.8703125 0.021875 0.0609375
5 0.4953125 0.775 0.0296875 0.0515625
5 0.55078125 0.70390625 0.015625 0.053125
5 0.80625 0.59765625 0.0125 0.0140625
5 0.75078125 0.85859375 0.0203125 0.025
8 0.546875 0.97578125 0.040625 0.0421875