5 0.7953125 0.959375 0.0109375 0.0265625
5 0.9359375 0.725 0.128125 0.11875
5 0.7140625 0.7609375 0.115625 0.19375
5 0.7453125 0.90625 0.0671875 0.1171875
5 0.64296875 0.6109375 0.059375 0.078125
5 0.50703125 0.7359375 0.0546875 0.078125
5 0.67265625 0.55 0.0265625 0.0296875
5 0.584375 0.578125 0.0125 0.021875
9 0.5609375 0.6140625 0.0296875 0.0171875
5 0.85234375 0.7125 0.0265625 0.0375
5 0.72109375 0.5921875 0.0703125 0.0734375
5 0.6359375 0.5609375 0.0203125 0.0296875
5 0.68125 0.60078125 0.025 0.04375
9 0.63984375 0.6640625 0.0625 0.04375
5 0.75 0.6328125 0.0859375 0.0625
9 0.61328125 0.62578125 0.0671875 0.03125
5 0.6234375 0.8375 0.0625 0.3046875
5 0.8765625 0.89921875 0.090625 0.140625
5 0.8171875 0.67578125 0.05 0.046875
5 0.8109375 0.79296875 0.0484375 0.071875
9 0.803125 0.71875 0.075 0.0484375
5 0.59765625 0.60078125 0.0140625 0.028125
5 0.5671875 0.8171875 0.103125 0.3546875
9 0.81171875 0.6625 0.2796875 0.0984375
5 0.5765625 0.60625 0.009375 0.0328125
5 0.60859375 0.57578125 0.0125 0.0109375