5 0.58046875 0.540625 0.0375 0.0421875
5 0.9296875 0.8484375 0.0828125 0.125
9 0.78515625 0.5859375 0.0671875 0.028125
5 0.5953125 0.59375 0.021875 0.0328125
5 0.65 0.58359375 0.0234375 0.025
5 0.63671875 0.6203125 0.03125 0.03125
5 0.90390625 0.67109375 0.1921875 0.2296875
5 0.6015625 0.56640625 0.046875 0.040625
9 0.8796875 0.73203125 0.03125 0.015625
5 0.634375 0.559375 0.0390625 0.0375
5 0.8109375 0.59375 0.053125 0.0359375
9 0.7015625 0.80546875 0.3078125 0.1390625
5 0.65 0.66171875 0.0296875 0.0625
5 0.73671875 0.5875 0.146875 0.1109375
5 0.64140625 0.90234375 0.084375 0.1578125
5 0.634375 0.5953125 0.0171875 0.021875
5 0.6171875 0.72421875 0.071875 0.184375