5 0.36875 0.63671875 0.0109375 0.04375
5 0.25078125 0.5765625 0.04453125 0.0453125
5 0.25859375 0.68828125 0.04609375 0.078125
5 0.390625 0.59453125 0.01015625 0.04453125
5 0.19375 0.703125 0.04140625 0.04765625
5 0.39765625 0.75703125 0.02109375 0.109375
5 0.328125 0.60234375 0.04296875 0.12421875
5 0.12734375 0.790625 0.09375 0.12890625
5 0.2125 0.81328125 0.11015625 0.178125
5 0.1328125 0.94609375 0.0328125 0.1046875
5 0.040625 0.9109375 0.08125 0.10859375
5 0.28828125 0.69765625 0.04296875 0.06328125
5 0.06328125 0.759375 0.1234375 0.109375
5 0.35078125 0.6109375 0.0125 0.0328125
5 0.17734375 0.63203125 0.0359375 0.0234375
5 0.30234375 0.8234375 0.09765625 0.34375
5 0.4328125 0.81484375 0.065625 0.3640625
5 0.415625 0.6890625 0.0109375 0.04453125
5 0.3859375 0.55703125 0.01484375 0.0203125