5 0.55234375 0.5921875 0.0171875 0.0578125
5 0.53046875 0.60078125 0.0390625 0.1015625
5 0.61328125 0.615625 0.0078125 0.0171875
5 0.884375 0.8390625 0.159375 0.1421875
5 0.52734375 0.82734375 0.0546875 0.2109375
5 0.69921875 0.62890625 0.025 0.0203125
5 0.41875 0.81015625 0.1890625 0.3703125
5 0.4875 0.89609375 0.053125 0.2078125
9 0.59375 0.6390625 0.0328125 0.0109375
5 0.6984375 0.9234375 0.078125 0.153125
5 0.6625 0.75078125 0.1359375 0.225
5 0.4484375 0.71484375 0.034375 0.0640625
5 0.7046875 0.73046875 0.0828125 0.1109375
5 0.6515625 0.584375 0.034375 0.0265625
5 0.53359375 0.70625 0.08125 0.159375
5 0.615625 0.63359375 0.0140625 0.028125
5 0.77421875 0.89375 0.1828125 0.2125