5 0.64921875 0.6171875 0.0171875 0.0453125
5 0.7578125 0.54140625 0.05 0.0515625
5 0.765625 0.653125 0.05625 0.084375
5 0.62109375 0.578125 0.015625 0.0453125
5 0.83125 0.65859375 0.046875 0.053125
5 0.6375 0.740625 0.0359375 0.1109375
5 0.684375 0.57734375 0.059375 0.1296875
5 0.909375 0.7359375 0.1109375 0.140625
5 0.828125 0.7703125 0.134375 0.1921875
5 0.92578125 0.890625 0.046875 0.1078125
5 0.98203125 0.8421875 0.0359375 0.11875
5 0.7375 0.66640625 0.0515625 0.06875
5 0.95 0.6953125 0.1 0.125
5 0.66328125 0.5890625 0.0171875 0.034375
5 0.83828125 0.5859375 0.0390625 0.028125
5 0.740625 0.79296875 0.1453125 0.3546875
5 0.61015625 0.80234375 0.115625 0.3703125
5 0.61015625 0.67578125 0.0171875 0.0453125
5 0.62109375 0.540625 0.0171875 0.021875