5 0.44296875 0.678125 0.0296875 0.0828125
5 0.09296875 0.72890625 0.1859375 0.1890625
9 0.26953125 0.59765625 0.0734375 0.01875
5 0.35546875 0.57578125 0.0109375 0.01875
5 0.48203125 0.853125 0.0515625 0.1171875
5 0.38046875 0.5484375 0.00625 0.0078125
5 0.48125 0.7828125 0.053125 0.0984375
5 0.45703125 0.75859375 0.028125 0.0765625
5 0.52578125 0.91640625 0.0828125 0.1671875
9 0.3109375 0.5796875 0.0796875 0.015625
5 0.51015625 0.95625 0.04375 0.0859375
9 0.384375 0.553125 0.0109375 0.003125
5 0.45703125 0.7125 0.0109375 0.0234375