5 0.1171875 0.83515625 0.23359375 0.19140625
9 0.23125 0.81953125 0.16796875 0.03359375
5 0.40625 0.6234375 0.028125 0.0703125
9 0.24375 0.88125 0.48671875 0.23359375
5 0.3109375 0.690625 0.1328125 0.1859375
5 0.434375 0.69453125 0.02421875 0.13203125
5 0.46796875 0.703125 0.02265625 0.06328125
5 0.54609375 0.9078125 0.0703125 0.17734375
5 0.42578125 0.8609375 0.0171875 0.0421875
5 0.23046875 0.6953125 0.21484375 0.23671875
5 0.50703125 0.9296875 0.04140625 0.13828125
5 0.33671875 0.828125 0.11484375 0.34375