5 0.23828125 0.8984375 0.07578125 0.19921875
5 0.47734375 0.86796875 0.06796875 0.2625
5 0.42109375 0.71015625 0.01953125 0.0734375
5 0.428125 0.8140625 0.02421875 0.1640625
5 0.58359375 0.97421875 0.01328125 0.03984375
5 0.5765625 0.91015625 0.0515625 0.0875
5 0.3578125 0.59765625 0.01640625 0.07890625
5 0.29609375 0.61484375 0.01953125 0.0234375
5 0.5265625 0.8765625 0.08515625 0.175
5 0.24921875 0.6484375 0.03125 0.02734375
5 0.4171875 0.95546875 0.02421875 0.08671875
5 0.0953125 0.91875 0.0859375 0.10546875
5 0.1796875 0.746875 0.16015625 0.16875
5 0.33203125 0.83046875 0.07890625 0.33046875
5 0.62890625 0.9671875 0.034375 0.05703125
5 0.32265625 0.715625 0.10390625 0.16875