5 0.3234375 0.6125 0.021875 0.025
5 0.38203125 0.5734375 0.0078125 0.015625
9 0.3734375 0.80546875 0.2640625 0.1078125
5 0.13984375 0.81484375 0.2046875 0.1828125
9 0.4140625 0.61796875 0.0671875 0.0375
5 0.13125 0.94765625 0.140625 0.1046875
5 0.5296875 0.86875 0.0609375 0.103125
5 0.2125 0.825 0.0671875 0.0765625
5 0.26640625 0.68203125 0.1265625 0.1265625
9 0.39609375 0.8578125 0.2890625 0.0859375
5 0.35859375 0.5625 0.00625 0.0078125
5 0.4484375 0.6484375 0.0234375 0.053125
9 0.1578125 0.90078125 0.2078125 0.109375