5 0.18984375 0.75234375 0.009375 0.01328125
9 0.36484375 0.77734375 0.0875 0.06328125
5 0.36328125 0.6109375 0.03515625 0.08125
5 0.30625 0.91171875 0.04921875 0.165625
5 0.00859375 0.896875 0.015625 0.0203125
5 0.34453125 0.665625 0.01328125 0.03203125
9 0.3734375 0.70625 0.0625 0.053125
9 0.19140625 0.88203125 0.3828125 0.1546875
5 0.07421875 0.8125 0.08203125 0.07890625
5 0.4125 0.784375 0.01796875 0.10703125
5 0.5109375 0.8484375 0.0640625 0.24453125
5 0.41015625 0.61796875 0.01953125 0.11796875
5 0.45078125 0.7671875 0.021875 0.08515625
5 0.1875 0.73046875 0.0328125 0.0234375
5 0.49765625 0.96328125 0.01484375 0.07265625
5 0.43984375 0.8453125 0.015625 0.07734375
5 0.5625 0.97265625 0.01484375 0.053125
5 0.25703125 0.72578125 0.06875 0.1125
5 0.42578125 0.71328125 0.00546875 0.06015625
5 0.046875 0.8703125 0.040625 0.03671875
5 0.32578125 0.61953125 0.03125 0.05859375
5 0.428125 0.65234375 0.0234375 0.0484375
9 0.0703125 0.896875 0.11328125 0.028125
5 0.309375 0.75859375 0.0609375 0.1515625
5 0.1796875 0.8390625 0.05 0.06484375