5 0.48125 0.81953125 0.0359375 0.0828125
5 0.784375 0.9265625 0.0671875 0.1265625
5 0.9890625 0.8625 0.021875 0.04375
5 0.62265625 0.72421875 0.015625 0.0546875
5 0.71796875 0.63125 0.040625 0.0578125
5 0.5640625 0.846875 0.0734375 0.3015625
5 0.934375 0.7703125 0.13125 0.153125
5 0.65546875 0.5921875 0.0234375 0.0546875
5 0.51640625 0.72734375 0.0171875 0.046875
5 0.73671875 0.5875 0.046875 0.046875
5 0.87421875 0.66953125 0.0609375 0.05625
5 0.86015625 0.93125 0.065625 0.1078125
5 0.4234375 0.921875 0.05625 0.15625
5 0.59921875 0.575 0.0265625 0.109375
5 0.88984375 0.9015625 0.109375 0.165625
0 0.7609375 0.77109375 0.1546875 0.2078125
5 0.90703125 0.79296875 0.125 0.146875