5 0.23125 0.6515625 0.06875 0.10625
5 0.2 0.77734375 0.05 0.059375
5 0.37890625 0.68203125 0.0171875 0.034375
5 0.17265625 0.7390625 0.046875 0.0484375
5 0.20703125 0.90546875 0.0234375 0.046875
5 0.2890625 0.55625 0.009375 0.028125
5 0.265625 0.7203125 0.00625 0.0203125
5 0.071875 0.90625 0.1078125 0.1296875
5 0.1734375 0.871875 0.01875 0.0421875
5 0.20234375 0.825 0.0375 0.06875
5 0.26484375 0.9234375 0.0296875 0.153125
9 0.11953125 0.72734375 0.1640625 0.040625
5 0.109375 0.875 0.05 0.0703125
5 0.3421875 0.665625 0.0265625 0.075
9 0.2640625 0.70625 0.13125 0.015625
5 0.13359375 0.8203125 0.034375 0.0421875
5 0.15 0.78125 0.0140625 0.0328125
5 0.33828125 0.8515625 0.0453125 0.296875
5 0.2796875 0.6078125 0.028125 0.0765625
5 0.23984375 0.728125 0.015625 0.03125
5 0.12109375 0.9453125 0.0828125 0.109375
5 0.2515625 0.5828125 0.0234375 0.0296875
0 0.2578125 0.6765625 0.03125 0.059375