5 0.34375 0.75625 0.0515625 0.084375
5 0.41953125 0.61875 0.00625 0.0109375
5 0.31875 0.6234375 0.021875 0.028125
5 0.3734375 0.65 0.0125 0.0296875
5 0.44609375 0.60390625 0.0265625 0.0421875
5 0.43671875 0.6625 0.0328125 0.078125
5 0.503125 0.9015625 0.1015625 0.15625
5 0.1015625 0.8828125 0.078125 0.1015625
5 0.48671875 0.67734375 0.0234375 0.0453125
5 0.6609375 0.93515625 0.075 0.0890625
5 0.321875 0.8921875 0.0390625 0.0796875
5 0.18046875 0.79921875 0.0890625 0.096875
5 0.3640625 0.65703125 0.01875 0.0359375
5 0.47890625 0.7625 0.0546875 0.140625