5 0.4203125 0.58671875 0.0125 0.0234375
5 0.41953125 0.559375 0.00625 0.0171875
5 0.31875 0.59296875 0.034375 0.0328125
0 0.10078125 0.86484375 0.1359375 0.159375
5 0.38828125 0.7640625 0.015625 0.0171875
9 0.45078125 0.6265625 0.0421875 0.0171875
5 0.39765625 0.5921875 0.0125 0.0234375
5 0.459375 0.72421875 0.0546875 0.1109375
5 0.38984375 0.5546875 0.0078125 0.0109375
5 0.5375 0.765625 0.028125 0.06875
5 0.465625 0.8125 0.0265625 0.0828125
0 0.2296875 0.69375 0.1890625 0.1859375
5 0.528125 0.9515625 0.03125 0.0921875
5 0.2453125 0.91875 0.05625 0.0828125
5 0.3625 0.5703125 0.015625 0.0203125
5 0.4265625 0.6328125 0.0171875 0.04375