5 0.51953125 0.690625 0.0265625 0.0375
5 0.3546875 0.95390625 0.046875 0.04375
5 0.675 0.71640625 0.1203125 0.1609375
5 0.878125 0.9875 0.053125 0.025
5 0.49921875 0.69765625 0.0140625 0.0171875
5 0.55390625 0.6359375 0.0234375 0.0421875
0 0.74921875 0.89296875 0.3015625 0.2140625
5 0.7125 0.7265625 0.1328125 0.1640625
5 0.41640625 0.9078125 0.0796875 0.16875
5 0.90078125 0.82421875 0.090625 0.078125
0 0.5515625 0.76796875 0.0703125 0.128125
5 0.64921875 0.5921875 0.028125 0.0796875
5 0.80078125 0.7890625 0.10625 0.08125
5 0.859375 0.821875 0.078125 0.0640625
5 0.59921875 0.61953125 0.01875 0.0296875