5 0.425 0.621875 0.028125 0.05625
5 0.46171875 0.8875 0.0890625 0.184375
5 0.4828125 0.6203125 0.015625 0.034375
5 0.43359375 0.5921875 0.0328125 0.0625
5 0.29296875 0.96171875 0.0890625 0.0765625
5 0.465625 0.7453125 0.078125 0.1703125
5 0.50703125 0.6359375 0.025 0.0453125
5 0.48046875 0.70234375 0.0171875 0.021875
5 0.36640625 0.66171875 0.05 0.0640625
5 0.33359375 0.79296875 0.078125 0.103125
9 0.43671875 0.9890625 0.0734375 0.021875
5 0.39921875 0.796875 0.0328125 0.0453125
5 0.4109375 0.65390625 0.0359375 0.0484375
5 0.5515625 0.884375 0.0640625 0.171875
5 0.396875 0.7078125 0.0421875 0.0828125
5 0.55 0.79375 0.028125 0.040625
5 0.675 0.84375 0.10625 0.1734375
5 0.4296875 0.88046875 0.0203125 0.028125