5 0.38828125 0.69296875 0.0203125 0.07265625
5 0.3828125 0.6171875 0.0125 0.0734375
5 0.075 0.71015625 0.14921875 0.134375
9 0.3484375 0.68671875 0.06171875 0.05234375
5 0.30703125 0.9640625 0.05078125 0.06015625
5 0.30546875 0.55859375 0.01015625 0.0265625
5 0.34296875 0.57890625 0.025 0.0609375
5 0.33984375 0.62890625 0.01484375 0.05078125
5 0.3109375 0.64453125 0.01484375 0.06328125
5 0.04140625 0.71953125 0.02578125 0.03046875
5 0.19140625 0.853125 0.04921875 0.13984375
5 0.23125 0.75859375 0.0265625 0.04921875
5 0.228125 0.590625 0.0375 0.028125
5 0.18671875 0.6234375 0.03203125 0.0359375
5 0.2484375 0.66484375 0.07890625 0.13046875
5 0.3640625 0.66015625 0.009375 0.053125
5 0.38125 0.5640625 0.0140625 0.04765625
5 0.3046875 0.59765625 0.01953125 0.01796875
5 0.25703125 0.5671875 0.0109375 0.0234375
5 0.45234375 0.88984375 0.04921875 0.21640625
5 0.29765625 0.65546875 0.00546875 0.02890625
5 0.4109375 0.80078125 0.0359375 0.16796875
5 0.27890625 0.5578125 0.01171875 0.0125
5 0.33359375 0.51875 0.00703125 0.0140625
5 0.2859375 0.7015625 0.046875 0.053125