0 0.9390625 0.859375 0.121875 0.18125
5 0.6203125 0.878125 0.0515625 0.2390625
5 0.65859375 0.721875 0.028125 0.059375
5 0.6109375 0.58046875 0.05 0.053125
5 0.7203125 0.80078125 0.0890625 0.1328125
5 0.79140625 0.909375 0.05 0.1171875
5 0.6078125 0.61640625 0.0578125 0.096875
5 0.58671875 0.540625 0.028125 0.0265625
5 0.6703125 0.6765625 0.046875 0.0453125
5 0.61875 0.68203125 0.009375 0.053125
5 0.8234375 0.76328125 0.1046875 0.10625
5 0.56953125 0.8125 0.025 0.059375
5 0.54375 0.5828125 0.0140625 0.065625
5 0.825 0.728125 0.1046875 0.1
5 0.65390625 0.6296875 0.0234375 0.040625
5 0.615625 0.559375 0.0078125 0.0125