5 0.43515625 0.58984375 0.0234375 0.14296875
5 0.29453125 0.625 0.0421875 0.0375
8 0.3296875 0.61015625 0.0109375 0.0078125
5 0.42578125 0.834375 0.02109375 0.1640625
9 0.296875 0.68984375 0.03046875 0.0140625
5 0.509375 0.92421875 0.040625 0.14375
5 0.340625 0.5765625 0.0578125 0.0578125
0 0.13046875 0.7515625 0.09609375 0.053125
5 0.22109375 0.7671875 0.025 0.05
8 0.3265625 0.6046875 0.00546875 0.00625
5 0.35390625 0.640625 0.03046875 0.059375
5 0.35625 0.58984375 0.0265625 0.0359375
9 0.11640625 0.85078125 0.090625 0.03828125
5 0.27265625 0.809375 0.03828125 0.08515625
9 0.2265625 0.80234375 0.05625 0.0109375
5 0.1875 0.803125 0.04375 0.046875
5 0.5171875 0.85390625 0.0234375 0.05546875
5 0.4578125 0.70234375 0.0265625 0.0796875
5 0.21015625 0.96015625 0.0328125 0.07109375
5 0.4859375 0.81328125 0.01875 0.03984375
5 0.05078125 0.803125 0.06171875 0.04375
9 0.19765625 0.83359375 0.0765625 0.02109375