5 0.309375 0.73203125 0.040625 0.0796875
5 0.40390625 0.60625 0.0046875 0.0109375
5 0.303125 0.596875 0.01796875 0.02578125
5 0.35390625 0.63125 0.009375 0.028125
5 0.43203125 0.5953125 0.021875 0.0390625
5 0.41484375 0.65234375 0.021875 0.07578125
5 0.446875 0.89765625 0.08203125 0.14609375
5 0.05234375 0.8234375 0.065625 0.09296875
5 0.4625 0.6734375 0.0171875 0.04375
5 0.59921875 0.953125 0.06484375 0.08125
5 0.26875 0.86328125 0.02890625 0.0765625
5 0.1421875 0.7515625 0.07734375 0.0875
5 0.34375 0.63671875 0.01328125 0.03515625
5 0.4421875 0.75703125 0.0359375 0.13671875