5 0.23046875 0.79296875 0.015625 0.0390625
5 0.421875 0.81484375 0.0390625 0.36953125
5 0.1828125 0.66328125 0.06640625 0.05625
9 0.23828125 0.8625 0.35078125 0.0375
9 0.48515625 0.86953125 0.1390625 0.03125
5 0.4125 0.5484375 0.01015625 0.0125
5 0.2703125 0.70703125 0.065625 0.09765625
5 0.38515625 0.6046875 0.01015625 0.046875
5 0.26328125 0.6015625 0.09765625 0.0640625
5 0.42109375 0.5734375 0.01015625 0.01875
5 0.42109375 0.60390625 0.0109375 0.01796875
5 0.1109375 0.75390625 0.04453125 0.04453125
5 0.3984375 0.55546875 0.0046875 0.03203125