5 0.28984375 0.61015625 0.04375 0.0390625
5 0.25625 0.64140625 0.04765625 0.03203125
5 0.3953125 0.63671875 0.0203125 0.053125
5 0.19140625 0.69453125 0.08046875 0.08046875
5 0.23984375 0.79296875 0.15546875 0.2890625
5 0.29375 0.63828125 0.00625 0.0140625
5 0.41015625 0.55546875 0.00859375 0.0125
5 0.35625 0.5890625 0.01640625 0.01953125
5 0.42734375 0.61171875 0.00625 0.0140625
5 0.409375 0.57734375 0.00859375 0.01953125
5 0.32734375 0.57578125 0.03359375 0.03203125
5 0.3359375 0.55234375 0.0390625 0.0171875
8 0.4703125 0.65703125 0.02109375 0.02578125
5 0.27109375 0.59375 0.01640625 0.01796875
5 0.33828125 0.6078125 0.0046875 0.01171875
5 0.3765625 0.559375 0.0078125 0.009375