5 0.3453125 0.88828125 0.01328125 0.05703125
5 0.3640625 0.7515625 0.01484375 0.13828125
5 0.34296875 0.9765625 0.0125 0.03984375
5 0.28515625 0.67421875 0.01953125 0.03359375
5 0.37578125 0.6765625 0.0265625 0.03515625
0 0.38671875 0.60078125 0.02578125 0.121875
5 0.40390625 0.8859375 0.0375 0.221875
5 0.32890625 0.79453125 0.0109375 0.053125
5 0.1765625 0.66171875 0.13671875 0.12265625
5 0.0578125 0.7609375 0.090625 0.08515625
5 0.44296875 0.9734375 0.01484375 0.046875
5 0.37265625 0.8640625 0.02890625 0.0609375
5 0.278125 0.57109375 0.06171875 0.05390625
5 0.103125 0.89453125 0.03125 0.0453125
5 0.1546875 0.79453125 0.03828125 0.03125
5 0.40390625 0.6859375 0.009375 0.0578125