0 0.1453125 0.92109375 0.15625 0.1578125
5 0.4609375 0.8859375 0.1 0.228125
5 0.390625 0.75 0.0390625 0.0640625
5 0.40859375 0.6015625 0.059375 0.0609375
5 0.346875 0.83984375 0.1140625 0.1484375
5 0.29921875 0.94921875 0.0734375 0.1015625
5 0.41875 0.6359375 0.0765625 0.10625
5 0.4234375 0.5578125 0.0328125 0.03125
5 0.3703125 0.7078125 0.0546875 0.0546875
5 0.421875 0.703125 0.021875 0.0546875
5 0.23828125 0.825 0.125 0.125
5 0.496875 0.8203125 0.0359375 0.0640625
5 0.47421875 0.58984375 0.028125 0.0671875
5 0.2296875 0.790625 0.1234375 0.1203125
5 0.3765625 0.65859375 0.03125 0.0453125
5 0.39921875 0.58203125 0.0109375 0.0140625