5 0.29140625 0.65703125 0.07734375 0.1453125
5 0.465625 0.975 0.0203125 0.04765625
5 0.0859375 0.81328125 0.1703125 0.11484375
5 0.4484375 0.68046875 0.00859375 0.02578125
5 0.40859375 0.54765625 0.0046875 0.02578125
5 0.4921875 0.85703125 0.0828125 0.28515625
5 0.43828125 0.90546875 0.0265625 0.153125
9 0.284375 0.771875 0.1140625 0.08046875
5 0.396875 0.5453125 0.0046875 0.02265625
5 0.1265625 0.95390625 0.05 0.08203125
0 0.40390625 0.51328125 0.01484375 0.04765625
5 0.359375 0.53671875 0.01171875 0.034375
5 0.415625 0.58515625 0.01328125 0.05390625
5 0.428125 0.65625 0.05 0.12578125