5 0.8703125 0.72421875 0.0484375 0.0515625
5 0.9140625 0.8984375 0.0953125 0.1390625
5 0.6046875 0.53046875 0.009375 0.0234375
5 0.6546875 0.53984375 0.009375 0.0078125
5 0.6171875 0.7234375 0.0203125 0.059375
5 0.584375 0.92265625 0.034375 0.1453125
5 0.728125 0.6015625 0.084375 0.078125
5 0.696875 0.61484375 0.028125 0.046875
5 0.85625 0.87421875 0.1140625 0.203125
5 0.61015625 0.571875 0.0203125 0.0515625
5 0.671875 0.55703125 0.0171875 0.0140625
5 0.94140625 0.7640625 0.1171875 0.128125
5 0.77578125 0.72265625 0.11875 0.153125
5 0.5953125 0.81640625 0.025 0.0890625