5 0.3265625 0.5984375 0.02734375 0.0265625
5 0.25078125 0.97734375 0.03359375 0.034375
0 0.4375 0.59609375 0.02890625 0.03359375
0 0.43125 0.81640625 0.11015625 0.36484375
9 0.25078125 0.9328125 0.0421875 0.03671875
9 0.26484375 0.85859375 0.0390625 0.02109375
9 0.37421875 0.621875 0.18359375 0.01796875
5 0.23828125 0.67734375 0.0890625 0.0875
5 0.2921875 0.77578125 0.0703125 0.1328125
5 0.52421875 0.8546875 0.0359375 0.1421875
5 0.36171875 0.565625 0.0640625 0.0265625
5 0.26953125 0.61953125 0.02734375 0.015625
5 0.39609375 0.60546875 0.00859375 0.01640625
5 0.07734375 0.9546875 0.1265625 0.08203125
5 0.2 0.86796875 0.1125 0.121875
5 0.18671875 0.6890625 0.11015625 0.0953125
5 0.4015625 0.55703125 0.0375 0.03125
5 0.09296875 0.815625 0.1859375 0.16875