5 0.7984375 0.853125 0.015625 0.01875
9 0.4984375 0.8640625 0.178125 0.0890625
5 0.47734375 0.8578125 0.1265625 0.284375
5 0.75234375 0.73046875 0.0875 0.0875
5 0.82578125 0.8359375 0.0828125 0.08125
5 0.68125 0.6515625 0.009375 0.0109375
5 0.59453125 0.62578125 0.01875 0.0234375
9 0.6890625 0.9828125 0.065625 0.034375
5 0.7734375 0.81171875 0.0546875 0.071875
5 0.67421875 0.6375 0.009375 0.0125
5 0.60625 0.60859375 0.015625 0.01875
5 0.84140625 0.93203125 0.1453125 0.1328125
5 0.56875 0.66875 0.028125 0.0640625
5 0.603125 0.8171875 0.221875 0.365625