9 0.271875 0.73984375 0.06875 0.01875
0 0.32578125 0.7265625 0.0515625 0.1171875
5 0.1734375 0.74765625 0.109375 0.1109375
5 0.24921875 0.9421875 0.03125 0.103125
5 0.2828125 0.60703125 0.0125 0.0375
5 0.0671875 0.94140625 0.06875 0.10625
5 0.3328125 0.65 0.025 0.0375
5 0.0453125 0.803125 0.08125 0.059375
9 0.29375 0.68203125 0.0609375 0.015625
5 0.30546875 0.61875 0.009375 0.021875
8 0.1703125 0.88984375 0.059375 0.109375
5 0.24609375 0.67109375 0.034375 0.040625
5 0.28203125 0.64609375 0.0125 0.0375
5 0.13203125 0.71875 0.10625 0.090625