5 0.125 0.7703125 0.01171875 0.01640625
9 0.41328125 0.85390625 0.17109375 0.0484375
5 0.43515625 0.8546875 0.06015625 0.28125
5 0.19921875 0.6625 0.071875 0.071875
5 0.10234375 0.746875 0.06875 0.06640625
5 0.2875 0.603125 0.00703125 0.01015625
5 0.378125 0.59921875 0.0140625 0.02109375
9 0.1984375 0.925 0.0609375 0.02578125
5 0.159375 0.7359375 0.040625 0.06328125
5 0.29765625 0.59140625 0.0078125 0.01015625
5 0.3703125 0.5796875 0.01171875 0.015625
5 0.0640625 0.83671875 0.1234375 0.10546875
5 0.3921875 0.646875 0.0140625 0.06171875
5 0.31796875 0.80078125 0.13359375 0.38125