5 0.51171875 0.7453125 0.0390625 0.059375
5 0.78125 0.77421875 0.05 0.04375
5 0.6234375 0.65234375 0.0109375 0.0203125
5 0.65703125 0.63828125 0.0296875 0.04375
5 0.4171875 0.86875 0.140625 0.2546875
9 0.6265625 0.6125 0.059375 0.0265625
9 0.73359375 0.734375 0.071875 0.0328125
5 0.57578125 0.6234375 0.0109375 0.028125
5 0.6046875 0.65234375 0.028125 0.0734375
5 0.5046875 0.88359375 0.078125 0.2328125
9 0.72109375 0.68515625 0.025 0.0171875
0 0.5546875 0.671875 0.0921875 0.115625
5 0.74765625 0.71171875 0.05 0.04375
5 0.66640625 0.61171875 0.034375 0.028125
9 0.51171875 0.66953125 0.034375 0.0265625
5 0.39609375 0.83671875 0.0578125 0.06875
5 0.57734375 0.58671875 0.009375 0.01875
5 0.55859375 0.60625 0.0046875 0.009375
5 0.5890625 0.946875 0.05 0.10625
5 0.63125 0.82265625 0.0953125 0.240625
5 0.540625 0.740625 0.01875 0.040625
5 0.484375 0.73984375 0.0375 0.059375
5 0.70546875 0.671875 0.01875 0.021875
5 0.440625 0.7671875 0.1125 0.15625
5 0.7421875 0.8640625 0.271875 0.271875
5 0.5625 0.61953125 0.009375 0.025
5 0.5953125 0.63125 0.01875 0.0328125
5 0.5875 0.59296875 0.0109375 0.015625
5 0.6640625 0.87109375 0.025 0.0578125