5 0.56953125 0.8921875 0.0359375 0.215625
5 0.73046875 0.78671875 0.0140625 0.0171875
5 0.47421875 0.91484375 0.01875 0.05
5 0.8703125 0.75546875 0.10625 0.090625
9 0.72265625 0.79453125 0.528125 0.040625
5 0.5828125 0.5453125 0.009375 0.01875
5 0.921875 0.87421875 0.1359375 0.15
5 0.76328125 0.66328125 0.11875 0.09375
5 0.5859375 0.6640625 0.028125 0.0765625
5 0.6625 0.6625 0.0078125 0.0203125
5 0.690625 0.7375 0.028125 0.08125
5 0.6234375 0.88203125 0.0125 0.0328125
5 0.6703125 0.5890625 0.00625 0.015625
5 0.6890625 0.6109375 0.0140625 0.015625