5 0.46796875 0.684375 0.028125 0.08125
5 0.11484375 0.7859375 0.209375 0.1828125
9 0.28515625 0.62890625 0.0734375 0.015625
5 0.3671875 0.5953125 0.0109375 0.0171875
5 0.53125 0.85234375 0.0484375 0.115625
5 0.38828125 0.56484375 0.00625 0.0078125
5 0.52109375 0.7828125 0.05 0.096875
5 0.49375 0.7625 0.025 0.075
5 0.58515625 0.9109375 0.0765625 0.16875
9 0.32421875 0.60546875 0.0796875 0.0125
5 0.5734375 0.95078125 0.040625 0.0859375
9 0.39296875 0.56875 0.0109375 0.003125
5 0.48671875 0.71640625 0.0109375 0.0234375