5 0.4046875 0.54375 0.00703125 0.01640625
5 0.2328125 0.80859375 0.0546875 0.11484375
5 0.39453125 0.5671875 0.0109375 0.0453125
9 0.1046875 0.946875 0.209375 0.025
5 0.103125 0.97421875 0.01953125 0.03828125
5 0.346875 0.6296875 0.0265625 0.0359375
5 0.13984375 0.90859375 0.04375 0.05625
5 0.35234375 0.60546875 0.015625 0.01796875
9 0.384375 0.909375 0.390625 0.0421875
5 0.240625 0.959375 0.02578125 0.0734375
5 0.42109375 0.6296875 0.034375 0.078125
5 0.32890625 0.68046875 0.01015625 0.03671875
5 0.43828125 0.88828125 0.02578125 0.22265625