5 0.58671875 0.56640625 0.0109375 0.015625
9 0.6296875 0.49296875 0.034375 0.0265625
5 0.846875 0.61015625 0.0703125 0.078125
5 0.775 0.76015625 0.053125 0.0859375
5 0.60546875 0.53984375 0.0234375 0.046875
5 0.62578125 0.5671875 0.0234375 0.0390625
0 0.7578125 0.55546875 0.10625 0.109375
5 0.9421875 0.68984375 0.115625 0.1671875
5 0.91015625 0.82734375 0.1796875 0.2078125
9 0.66328125 0.50546875 0.034375 0.021875
5 0.6796875 0.528125 0.0140625 0.015625
5 0.69765625 0.51875 0.0171875 0.0171875
5 0.9421875 0.64609375 0.115625 0.1609375
0 0.58125 0.7859375 0.2265625 0.415625