5 0.5484375 0.6 0.0484375 0.1453125
5 0.68046875 0.65859375 0.0484375 0.04375
8 0.6484375 0.63828125 0.0125 0.009375
5 0.51484375 0.8421875 0.05 0.165625
9 0.6671875 0.721875 0.0328125 0.01875
5 0.4171875 0.91640625 0.065625 0.1484375
5 0.64375 0.603125 0.0671875 0.0671875
0 0.8203125 0.81171875 0.103125 0.06875
5 0.728125 0.81171875 0.0328125 0.053125
8 0.65234375 0.63359375 0.00625 0.0078125
5 0.61953125 0.6640625 0.040625 0.0640625
5 0.62578125 0.61328125 0.0328125 0.040625
9 0.8171875 0.91171875 0.0953125 0.053125
5 0.6703125 0.84453125 0.053125 0.090625
9 0.71640625 0.8453125 0.0578125 0.0203125
5 0.75546875 0.853125 0.0515625 0.053125
5 0.421875 0.8453125 0.0328125 0.059375
5 0.50625 0.70625 0.040625 0.0828125
5 0.70546875 0.9828125 0.0453125 0.034375
5 0.459375 0.8109375 0.025 0.0421875
5 0.88984375 0.8765625 0.06875 0.053125
9 0.73984375 0.88125 0.0796875 0.034375