5 0.546875 0.7171875 0.0125 0.065625
5 0.59765625 0.6125 0.034375 0.071875
5 0.74296875 0.62890625 0.01875 0.0453125
5 0.95 0.92421875 0.1 0.1171875
5 0.59140625 0.68515625 0.01875 0.0234375
5 0.49375 0.871875 0.1015625 0.253125
9 0.58515625 0.75 0.059375 0.0203125
5 0.66953125 0.82421875 0.0734375 0.334375
5 0.903125 0.8171875 0.05 0.0609375
5 0.75 0.7359375 0.04375 0.059375
5 0.61953125 0.87578125 0.04375 0.2328125
9 0.840625 0.8484375 0.2734375 0.078125
5 0.96484375 0.8296875 0.04375 0.0671875
0 0.64296875 0.571875 0.028125 0.0390625
5 0.859375 0.91796875 0.0796875 0.134375
5 0.74921875 0.6796875 0.0484375 0.040625
5 0.62734375 0.62265625 0.0171875 0.0640625