5 0.4109375 0.59375 0.0140625 0.0234375
9 0.29765625 0.5640625 0.065625 0.0265625
5 0.19609375 0.721875 0.1234375 0.1671875
5 0.4828125 0.9109375 0.0578125 0.0953125
5 0.4234375 0.74140625 0.046875 0.1203125
5 0.3359375 0.559375 0.0171875 0.0234375
5 0.4546875 0.8296875 0.04375 0.1125
5 0.28046875 0.62265625 0.0390625 0.05625
5 0.34765625 0.61484375 0.03125 0.05
9 0.36484375 0.57890625 0.053125 0.0171875
5 0.0859375 0.73359375 0.171875 0.2171875
9 0.18828125 0.64296875 0.1390625 0.040625
9 0.35 0.67578125 0.1078125 0.04375
5 0.41015625 0.63984375 0.0171875 0.03125
5 0.39375 0.575 0.0125 0.034375