5 0.703125 0.91328125 0.103125 0.1734375
5 0.4703125 0.86640625 0.103125 0.2671875
5 0.54921875 0.71875 0.0296875 0.075
5 0.52734375 0.82109375 0.046875 0.165625
5 0.3515625 0.9578125 0.01875 0.040625
5 0.3671875 0.8953125 0.0625 0.09375
5 0.62734375 0.61640625 0.0265625 0.0796875
5 0.6859375 0.6421875 0.021875 0.0265625
5 0.42109375 0.86953125 0.109375 0.184375
5 0.72734375 0.68203125 0.034375 0.03125
5 0.51796875 0.95859375 0.0359375 0.0828125
5 0.8421875 0.95625 0.1 0.0875
5 0.7828125 0.7890625 0.1828125 0.1890625
5 0.61953125 0.840625 0.1234375 0.31875
5 0.30703125 0.94453125 0.0421875 0.0609375
5 0.6453125 0.73828125 0.1265625 0.18125