5 0.578125 0.57109375 0.01875 0.0578125
5 0.56015625 0.5859375 0.0421875 0.1015625
5 0.64296875 0.575 0.009375 0.01875
5 0.94453125 0.70234375 0.1109375 0.1453125
5 0.62734375 0.803125 0.0625 0.209375
5 0.7296875 0.5609375 0.0265625 0.021875
5 0.51796875 0.81640625 0.2015625 0.3671875
5 0.6109375 0.88125 0.059375 0.2078125
9 0.6328125 0.60390625 0.0328125 0.0125
5 0.82578125 0.8578125 0.0828125 0.1859375
5 0.73203125 0.68828125 0.1421875 0.2265625
5 0.5171875 0.71953125 0.0359375 0.0640625
5 0.76640625 0.65625 0.0859375 0.1125
5 0.6703125 0.53359375 0.034375 0.028125
5 0.5953125 0.68515625 0.0859375 0.1609375
5 0.65078125 0.59140625 0.015625 0.028125
5 0.88984375 0.81328125 0.190625 0.2671875