5 0.428125 0.93359375 0.065625 0.1328125
5 0.396875 0.6265625 0.0234375 0.0484375
5 0.2453125 0.71796875 0.0375 0.0359375
9 0.3765625 0.7375 0.0734375 0.0359375
9 0.27421875 0.7609375 0.0609375 0.0328125
5 0.4890625 0.98828125 0.021875 0.0234375
5 0.36484375 0.6171875 0.015625 0.021875
5 0.4421875 0.634375 0.0171875 0.025
5 0.26328125 0.875 0.2265625 0.25
5 0.43515625 0.60703125 0.0140625 0.01875
9 0.47578125 0.73671875 0.1375 0.0546875
5 0.42421875 0.57109375 0.0359375 0.0484375
5 0.37109375 0.6703125 0.0265625 0.04375
5 0.42734375 0.61796875 0.0203125 0.0296875
5 0.45 0.7546875 0.028125 0.0703125
5 0.30703125 0.64140625 0.0140625 0.0140625