5 0.4359375 0.66171875 0.02421875 0.06953125
5 0.49609375 0.86953125 0.0828125 0.25703125
8 0.334375 0.53828125 0.01875 0.00625
0 0.2359375 0.66328125 0.13671875 0.1078125
8 0.30390625 0.578125 0.01328125 0.00546875
5 0.428125 0.91328125 0.053125 0.17109375
0 0.121875 0.85703125 0.240625 0.28515625
5 0.4203125 0.7171875 0.0234375 0.0796875
8 0.3234375 0.55390625 0.021875 0.0109375
5 0.43984375 0.71015625 0.00625 0.0265625
8 0.28359375 0.5953125 0.01484375 0.0078125
8 0.3046875 0.59609375 0.00859375 0.00546875