5 0.3296875 0.575 0.0390625 0.0171875
5 0.1203125 0.8828125 0.1734375 0.2140625
8 0.33671875 0.671875 0.028125 0.025
8 0.3609375 0.70234375 0.025 0.0140625
8 0.4125 0.59375 0.021875 0.015625
8 0.4890625 0.5671875 0.0109375 0.00625
8 0.484375 0.72421875 0.015625 0.015625
5 0.490625 0.55234375 0.0078125 0.0140625
5 0.459375 0.82890625 0.0296875 0.1625
8 0.34453125 0.74140625 0.03125 0.0234375
5 0.39375 0.5640625 0.053125 0.0359375
5 0.01796875 0.90625 0.0359375 0.046875
5 0.43984375 0.5640625 0.015625 0.015625