5 0.7015625 0.72265625 0.0234375 0.0234375
9 0.5953125 0.72109375 0.034375 0.040625
5 0.70234375 0.703125 0.0078125 0.0171875
5 0.65390625 0.63203125 0.015625 0.0265625
5 0.640625 0.67734375 0.009375 0.0171875
9 0.6515625 0.6640625 0.028125 0.01875
5 0.66015625 0.696875 0.0109375 0.0171875
9 0.7625 0.8296875 0.215625 0.0578125
9 0.53203125 0.796875 0.165625 0.0359375
5 0.67578125 0.75390625 0.0171875 0.0203125
0 0.8796875 0.8578125 0.0453125 0.05
9 0.68203125 0.6546875 0.0359375 0.0203125
9 0.62265625 0.6921875 0.0375 0.0296875
0 0.646875 0.89140625 0.203125 0.2171875
5 0.6546875 0.67265625 0.00625 0.0140625
5 0.68125 0.684375 0.0078125 0.021875
5 0.76953125 0.7578125 0.015625 0.015625
5 0.6703125 0.7828125 0.0109375 0.028125