0 0.36015625 0.85546875 0.1359375 0.2765625
5 0.084375 0.89921875 0.10625 0.1625
5 0.32578125 0.55078125 0.0078125 0.015625
9 0.1609375 0.7375 0.1046875 0.053125
9 0.27265625 0.68671875 0.3671875 0.046875
5 0.390625 0.59375 0.0203125 0.01875
9 0.39296875 0.634375 0.0828125 0.0140625
5 0.28125 0.8828125 0.0390625 0.115625
5 0.409375 0.64375 0.01875 0.05625
5 0.35390625 0.5671875 0.009375 0.015625
9 0.27421875 0.61328125 0.190625 0.0265625
5 0.2796875 0.7703125 0.053125 0.1140625
9 0.34375 0.6515625 0.034375 0.0203125
9 0.45234375 0.80859375 0.0859375 0.025
5 0.36640625 0.54921875 0.009375 0.03125