5 0.4484375 0.9359375 0.065625 0.128125
5 0.4 0.8765625 0.09375 0.21875
5 0.51015625 0.55 0.01875 0.015625
5 0.846875 0.90625 0.1328125 0.115625
5 0.540625 0.565625 0.0515625 0.0390625
5 0.609375 0.7140625 0.1234375 0.121875
5 0.58671875 0.603125 0.065625 0.059375
5 0.50390625 0.678125 0.0328125 0.0515625
5 0.61640625 0.65 0.0296875 0.03125
5 0.56171875 0.62265625 0.0234375 0.0328125
0 0.5234375 0.621875 0.0578125 0.0765625
5 0.76328125 0.840625 0.0984375 0.0921875
5 0.83203125 0.9421875 0.1421875 0.115625
5 0.6671875 0.64765625 0.0671875 0.078125