5 0.39609375 0.5984375 0.0140625 0.0546875
5 0.3625 0.8640625 0.04453125 0.1796875
5 0.45234375 0.61171875 0.0078125 0.03359375
5 0.41171875 0.571875 0.0171875 0.06015625
5 0.17578125 0.9140625 0.06328125 0.10625
5 0.403125 0.728125 0.03671875 0.1671875
5 0.471875 0.63359375 0.01484375 0.04296875
5 0.42890625 0.690625 0.01328125 0.01875
5 0.32890625 0.621875 0.0359375 0.05625
5 0.26328125 0.73984375 0.05625 0.0921875
9 0.3078125 0.975 0.06328125 0.04609375
5 0.32578125 0.7609375 0.02265625 0.04140625
5 0.37421875 0.62578125 0.02578125 0.04375
5 0.45 0.884375 0.0203125 0.171875
5 0.346875 0.67421875 0.02265625 0.07890625
5 0.471875 0.796875 0.01953125 0.03671875
5 0.58046875 0.87734375 0.06640625 0.16171875
5 0.33359375 0.84921875 0.01484375 0.025