5 0.8625 0.73671875 0.046875 0.05
5 0.9 0.9125 0.090625 0.1359375
5 0.60390625 0.53359375 0.009375 0.0234375
5 0.653125 0.5453125 0.009375 0.0078125
5 0.609375 0.72734375 0.01875 0.0578125
5 0.56953125 0.925 0.0296875 0.1453125
5 0.72421875 0.609375 0.0828125 0.0765625
5 0.69296875 0.62109375 0.028125 0.046875
5 0.84296875 0.88671875 0.1078125 0.2
5 0.60703125 0.57578125 0.01875 0.0515625
5 0.66953125 0.5625 0.015625 0.0140625
5 0.9375 0.77890625 0.125 0.1234375
5 0.76796875 0.73203125 0.1140625 0.1484375
5 0.58359375 0.81953125 0.021875 0.0890625