5 0.26171875 0.63671875 0.05 0.04453125
5 0.4625 0.653125 0.00703125 0.015625
5 0.57421875 0.87890625 0.06953125 0.1109375
0 0.40078125 0.55625 0.01796875 0.0421875
5 0.44140625 0.75859375 0.06484375 0.34765625
5 0.37421875 0.559375 0.00625 0.0140625
5 0.346875 0.55625 0.03984375 0.03828125
5 0.44375 0.64453125 0.0203125 0.0203125
5 0.3984375 0.7359375 0.02265625 0.2171875
5 0.41953125 0.55546875 0.01171875 0.0359375
5 0.3390625 0.6046875 0.0203125 0.03359375
5 0.29765625 0.6046875 0.03359375 0.03125
5 0.5203125 0.828125 0.0578125 0.19453125
9 0.278125 0.68984375 0.16171875 0.03046875