5 0.14609375 0.74921875 0.0453125 0.04921875
5 0.11484375 0.9265625 0.0859375 0.1328125
5 0.39765625 0.5375 0.0078125 0.02265625
5 0.3484375 0.55078125 0.00859375 0.0078125
5 0.3984375 0.73125 0.01640625 0.0578125
5 0.4453125 0.92734375 0.025 0.14453125
5 0.2796875 0.6171875 0.0796875 0.0734375
5 0.31171875 0.628125 0.02578125 0.0453125
5 0.17109375 0.8984375 0.10078125 0.19609375
5 0.3953125 0.5796875 0.0171875 0.05078125
5 0.3328125 0.56875 0.015625 0.01328125
5 0.06640625 0.7953125 0.13203125 0.11953125
5 0.240625 0.74140625 0.109375 0.1453125
5 0.42734375 0.821875 0.01875 0.08828125