9 0.55703125 0.83671875 0.0234375 0.021875
5 0.484375 0.7421875 0.0234375 0.0390625
5 0.65234375 0.72265625 0.01875 0.025
5 0.78828125 0.9546875 0.0609375 0.090625
5 0.5296875 0.81484375 0.015625 0.0328125
0 0.69296875 0.725 0.1015625 0.1171875
5 0.61328125 0.9015625 0.05625 0.1140625
5 0.8546875 0.871875 0.01875 0.0265625
5 0.78125 0.8859375 0.0359375 0.096875
9 0.5140625 0.80546875 0.040625 0.025
5 0.68984375 0.97578125 0.0484375 0.0484375
9 0.54921875 0.71953125 0.0984375 0.0484375
5 0.5796875 0.97109375 0.028125 0.0578125
5 0.6671875 0.81328125 0.025 0.0421875