5 0.31875 0.6875 0.0984375 0.15625
5 0.540625 0.97421875 0.028125 0.05
5 0.13984375 0.87421875 0.1859375 0.140625
5 0.47734375 0.6859375 0.0125 0.0265625
5 0.4171875 0.56171875 0.009375 0.0265625
5 0.54765625 0.853125 0.1265625 0.29375
5 0.50234375 0.91015625 0.05 0.1546875
9 0.3296875 0.80234375 0.125 0.096875
5 0.40546875 0.5609375 0.0078125 0.0234375
5 0.2015625 0.98125 0.0625 0.0375
0 0.40703125 0.528125 0.021875 0.05
5 0.3671875 0.55859375 0.0171875 0.0359375
5 0.4296875 0.59765625 0.021875 0.0546875
5 0.453125 0.665625 0.06875 0.1328125