5 0.28125 0.61015625 0.0421875 0.0890625
5 0.3296875 0.8671875 0.0671875 0.2078125
5 0.20234375 0.68046875 0.0296875 0.04375
5 0.3265625 0.5234375 0.028125 0.0703125
5 0.16015625 0.81640625 0.0875 0.234375
5 0.2296875 0.82578125 0.1234375 0.2640625
5 0.2265625 0.640625 0.05 0.0546875
5 0.1453125 0.58828125 0.071875 0.06875
5 0.3046875 0.546875 0.0234375 0.0328125
5 0.2671875 0.5640625 0.0328125 0.059375
5 0.28984375 0.63125 0.1203125 0.2453125
5 0.3640625 0.6625 0.0515625 0.1453125
5 0.38125 0.590625 0.034375 0.0765625
5 0.0953125 0.7671875 0.190625 0.315625