5 0.58125 0.57265625 0.009375 0.0171875
5 0.5953125 0.5859375 0.0046875 0.0140625
5 0.59375 0.7 0.0140625 0.0265625
5 0.5875 0.62109375 0.0296875 0.0359375
5 0.64140625 0.746875 0.0359375 0.078125
9 0.56796875 0.646875 0.05625 0.0171875
5 0.5734375 0.55 0.0109375 0.034375
5 0.62265625 0.6796875 0.0125 0.034375
5 0.5625 0.88671875 0.1078125 0.21875
9 0.609375 0.6921875 0.01875 0.0109375
5 0.584375 0.60234375 0.0109375 0.0234375
5 0.66796875 0.86875 0.1328125 0.240625
5 0.59375 0.66640625 0.0234375 0.0265625
9 0.6640625 0.6375 0.1328125 0.0296875
5 0.4578125 0.87578125 0.046875 0.11875
5 0.55703125 0.73984375 0.0265625 0.0578125
5 0.57109375 0.68125 0.034375 0.0484375
5 0.5875 0.80859375 0.0375 0.171875