5 0.5265625 0.63984375 0.03515625 0.10078125
5 0.5328125 0.92890625 0.0359375 0.13984375
5 0.53515625 0.528125 0.0375 0.02265625
5 0.14296875 0.7703125 0.0640625 0.0515625
9 0.4453125 0.8828125 0.03828125 0.0203125
5 0.32265625 0.7296875 0.12734375 0.18828125
9 0.43125 0.56484375 0.0703125 0.02578125
5 0.525 0.5609375 0.025 0.040625
5 0.5515625 0.51015625 0.0140625 0.0109375
5 0.04609375 0.84140625 0.0890625 0.0875
5 0.4875 0.621875 0.05390625 0.08203125
5 0.38359375 0.58359375 0.1296875 0.08046875