5 0.578125 0.66796875 0.03125 0.034375
5 0.65546875 0.53359375 0.0046875 0.009375
9 0.59453125 0.6875 0.0484375 0.0140625
5 0.665625 0.5890625 0.0109375 0.025
5 0.63828125 0.5375 0.0125 0.0203125
9 0.65546875 0.55625 0.0265625 0.0109375
5 0.57421875 0.725 0.0859375 0.1328125
9 0.6625 0.54453125 0.0125 0.0140625
5 0.590625 0.603125 0.0359375 0.028125
9 0.625 0.6140625 0.1109375 0.040625
5 0.6953125 0.64609375 0.0203125 0.0375
5 0.5875 0.63984375 0.021875 0.0234375
9 0.5921875 0.575 0.015625 0.00625
9 0.534375 0.96796875 0.0453125 0.0203125
5 0.9546875 0.74375 0.090625 0.146875
9 0.60625 0.5578125 0.046875 0.0203125
5 0.68671875 0.53828125 0.0125 0.0265625
5 0.609375 0.5875 0.009375 0.0203125
9 0.5921875 0.58125 0.0203125 0.0078125
9 0.67890625 0.77890625 0.0296875 0.0140625
5 0.5640625 0.88828125 0.078125 0.2140625