5 0.2109375 0.703125 0.03125 0.0453125
5 0.325 0.80703125 0.01328125 0.03515625
5 0.0546875 0.76796875 0.09921875 0.0765625
9 0.33046875 0.75546875 0.16171875 0.03984375
9 0.18046875 0.73125 0.13203125 0.01328125
8 0.40234375 0.65234375 0.00859375 0.00625
5 0.33359375 0.67578125 0.0421875 0.0359375
9 0.21328125 0.746875 0.0375 0.00703125
9 0.365625 0.80234375 0.04921875 0.01484375
9 0.33984375 0.72265625 0.0484375 0.02109375
5 0.26171875 0.6671875 0.02890625 0.04921875
5 0.278125 0.68203125 0.01875 0.0296875
8 0.4140625 0.66796875 0.0171875 0.00546875
5 0.2453125 0.76015625 0.01640625 0.0390625
9 0.15625 0.70390625 0.06171875 0.015625
9 0.28359375 0.7265625 0.0234375 0.01015625