5 0.4375 0.9453125 0.0296875 0.1046875
9 0.37578125 0.63359375 0.0890625 0.0171875
5 0.41015625 0.9265625 0.0328125 0.046875
5 0.3953125 0.85234375 0.0390625 0.103125
5 0.25859375 0.76953125 0.1640625 0.3046875
0 0.090625 0.90234375 0.18125 0.1546875
5 0.07734375 0.75546875 0.1375 0.14375
5 0.16953125 0.684375 0.0890625 0.0890625
5 0.44765625 0.72265625 0.0296875 0.034375
5 0.4265625 0.8328125 0.0296875 0.1421875
5 0.0296875 0.7859375 0.059375 0.071875
5 0.4015625 0.6 0.01875 0.1
5 0.49765625 0.8921875 0.0703125 0.215625
5 0.421875 0.70625 0.0234375 0.1140625