5 0.753125 0.94296875 0.03125 0.05
5 0.4984375 0.87578125 0.0359375 0.128125
9 0.5765625 0.59296875 0.025 0.0078125
5 0.70390625 0.62265625 0.059375 0.046875
5 0.84453125 0.81484375 0.05625 0.065625
5 0.70546875 0.6625 0.1046875 0.0921875
5 0.73203125 0.8390625 0.109375 0.153125
9 0.6 0.5546875 0.0125 0.0078125
8 0.46796875 0.7640625 0.034375 0.021875
5 0.58828125 0.59609375 0.015625 0.021875
9 0.80859375 0.88046875 0.0796875 0.0296875
5 0.59765625 0.57890625 0.015625 0.015625
5 0.57265625 0.625 0.01875 0.01875
9 0.72421875 0.753125 0.259375 0.0578125
5 0.59921875 0.665625 0.0359375 0.090625
5 0.6078125 0.60625 0.0234375 0.0421875
9 0.77890625 0.72265625 0.075 0.0265625
5 0.53515625 0.78984375 0.028125 0.0546875
9 0.690625 0.78046875 0.0640625 0.0265625
9 0.61953125 0.8265625 0.38125 0.10625
9 0.86484375 0.85390625 0.0765625 0.0265625
9 0.79453125 0.834375 0.0671875 0.0296875