8 0.43046875 0.52890625 0.009375 0.0078125
8 0.28515625 0.61953125 0.021875 0.0140625
9 0.3671875 0.5796875 0.0234375 0.0078125
8 0.4328125 0.5046875 0.0171875 0.009375
8 0.18828125 0.64609375 0.01875 0.0109375
5 0.40390625 0.6546875 0.0140625 0.025
5 0.409375 0.5828125 0.00625 0.01875
8 0.40078125 0.54453125 0.0171875 0.0078125
8 0.25625 0.63125 0.0359375 0.0171875
9 0.03828125 0.825 0.0765625 0.034375
5 0.44453125 0.72109375 0.0453125 0.059375
5 0.378125 0.57109375 0.0171875 0.0171875
9 0.42734375 0.59921875 0.0171875 0.00625
0 0.425 0.553125 0.0265625 0.0234375
8 0.4515625 0.50703125 0.0078125 0.00625
5 0.17734375 0.7734375 0.3234375 0.3875