5 0.57578125 0.87421875 0.0828125 0.2421875
5 0.371875 0.684375 0.0125 0.01875
9 0.284375 0.928125 0.0359375 0.0171875
5 0.34375 0.8078125 0.0453125 0.0484375
5 0.421875 0.68125 0.01875 0.0328125
5 0.55078125 0.7484375 0.0375 0.078125
5 0.32734375 0.603125 0.0234375 0.0234375
5 0.24765625 0.69609375 0.0734375 0.071875
5 0.49609375 0.96875 0.0109375 0.0578125
5 0.29296875 0.82890625 0.0484375 0.06875
5 0.51015625 0.72265625 0.040625 0.078125
5 0.459375 0.69140625 0.0125 0.03125
5 0.28984375 0.703125 0.0578125 0.065625
5 0.48203125 0.90625 0.0125 0.0390625
5 0.52578125 0.88671875 0.0171875 0.0421875
5 0.27109375 0.75859375 0.03125 0.053125
5 0.3984375 0.65703125 0.0265625 0.0421875
5 0.43125 0.62421875 0.0234375 0.0390625
5 0.27265625 0.61953125 0.0171875 0.0140625
5 0.21640625 0.6796875 0.11875 0.1
0 0.3078125 0.59140625 0.034375 0.0296875
5 0.33984375 0.6140625 0.0078125 0.0171875
5 0.2515625 0.62890625 0.0546875 0.04375
5 0.62578125 0.91328125 0.08125 0.1515625
5 0.4625 0.89296875 0.034375 0.2140625
5 0.090625 0.80546875 0.1578125 0.1609375