5 0.3078125 0.7890625 0.02421875 0.121875
5 0.27421875 0.678125 0.01015625 0.065625
5 0.4109375 0.57421875 0.021875 0.04921875
5 0.09609375 0.74140625 0.0515625 0.0359375
5 0.409375 0.71171875 0.00703125 0.0328125
9 0.37421875 0.73125 0.11484375 0.01640625
5 0.2046875 0.6515625 0.0421875 0.04140625
5 0.23984375 0.93125 0.12890625 0.134375
5 0.428125 0.765625 0.0140625 0.059375
5 0.01953125 0.80546875 0.0375 0.04765625
5 0.425 0.9734375 0.03125 0.0421875
5 0.20234375 0.75546875 0.0265625 0.04140625
9 0.053125 0.76640625 0.0640625 0.02109375
9 0.28203125 0.8640625 0.55 0.06328125