5 0.4234375 0.65078125 0.01875 0.0671875
5 0.46640625 0.63828125 0.00625 0.0203125
5 0.3859375 0.61796875 0.0390625 0.121875
5 0.4625 0.90859375 0.025 0.1765625
5 0.2375 0.771875 0.0234375 0.0375
5 0.434375 0.55859375 0.003125 0.0109375
5 0.4390625 0.73046875 0.025 0.121875
5 0.41484375 0.54296875 0.0125 0.01875
5 0.24921875 0.62421875 0.0359375 0.028125
9 0.41796875 0.61796875 0.0453125 0.009375
5 0.48125 0.89921875 0.0171875 0.0390625
5 0.4265625 0.55859375 0.00625 0.015625
5 0.4171875 0.5734375 0.0109375 0.0453125
5 0.43984375 0.6 0.0203125 0.0234375
5 0.32578125 0.6390625 0.021875 0.03125
5 0.4515625 0.73671875 0.00625 0.0453125
5 0.20859375 0.65703125 0.0265625 0.03125
5 0.41640625 0.79375 0.0125 0.0796875
5 0.46484375 0.79375 0.0125 0.0765625