5 0.5671875 0.97109375 0.021875 0.04921875
5 0.35078125 0.72421875 0.03515625 0.08984375
9 0.43515625 0.67734375 0.13515625 0.01953125
5 0.4125 0.6 0.01484375 0.02578125
9 0.36953125 0.803125 0.08515625 0.06484375
5 0.4015625 0.9484375 0.0109375 0.03828125
9 0.265625 0.640625 0.1609375 0.01328125
9 0.5015625 0.75078125 0.0515625 0.02109375
5 0.32421875 0.62734375 0.01640625 0.01875
5 0.4828125 0.97265625 0.01484375 0.0484375
9 0.18046875 0.6671875 0.09140625 0.021875
9 0.2953125 0.6609375 0.14453125 0.0265625
5 0.48828125 0.54453125 0.00546875 0.00625
5 0.165625 0.884375 0.05234375 0.128125
5 0.2734375 0.6203125 0.01484375 0.0140625
5 0.28515625 0.87578125 0.07890625 0.08125
5 0.459375 0.59453125 0.021875 0.03984375
5 0.2125 0.95546875 0.0203125 0.0828125
9 0.4234375 0.6046875 0.0109375 0.00859375
5 0.54609375 0.903125 0.015625 0.04375
5 0.4390625 0.57578125 0.0125 0.01484375
9 0.0421875 0.75234375 0.08125 0.03046875
5 0.525 0.8625 0.01328125 0.01171875
5 0.43828125 0.56015625 0.015625 0.01484375
9 0.19296875 0.80390625 0.26640625 0.06953125
5 0.47578125 0.8078125 0.02578125 0.11640625
5 0.359375 0.61875 0.01796875 0.01875
5 0.4453125 0.646875 0.01640625 0.0546875
9 0.321875 0.60234375 0.08515625 0.015625
5 0.4546875 0.559375 0.0109375 0.0125
5 0.38046875 0.64296875 0.025 0.05625
5 0.2328125 0.91484375 0.02421875 0.04921875
5 0.25703125 0.7421875 0.12734375 0.1453125
5 0.4453125 0.72265625 0.03515625 0.08515625