5 0.7890625 0.9375 0.08125 0.125
5 0.54453125 0.81328125 0.021875 0.11875
0 0.52265625 0.66640625 0.0515625 0.1375
0 0.79140625 0.73203125 0.1359375 0.084375
5 0.49453125 0.815625 0.0421875 0.15
5 0.95390625 0.89375 0.0671875 0.065625
5 0.43046875 0.83671875 0.0375 0.1
5 0.4359375 0.91484375 0.034375 0.096875
5 0.59453125 0.93125 0.0671875 0.11875
5 0.678125 0.90546875 0.0421875 0.1859375
5 0.46171875 0.75 0.015625 0.0421875
9 0.58359375 0.7671875 0.0828125 0.0359375
5 0.86796875 0.83125 0.0390625 0.0390625