9 0.38984375 0.609375 0.0796875 0.01875
5 0.40234375 0.5765625 0.0140625 0.034375
9 0.26328125 0.61796875 0.040625 0.0109375
5 0.440625 0.89296875 0.021875 0.0984375
9 0.8390625 0.66640625 0.090625 0.0234375
5 0.240625 0.71953125 0.021875 0.025
5 0.39765625 0.6015625 0.009375 0.015625
5 0.17890625 0.65234375 0.040625 0.0296875
9 0.87265625 0.68125 0.0546875 0.025
5 0.24765625 0.78359375 0.0140625 0.028125
5 0.27421875 0.73984375 0.028125 0.0515625
9 0.37109375 0.65390625 0.1546875 0.0234375
5 0.3046875 0.66328125 0.015625 0.025
0 0.334375 0.59453125 0.0328125 0.0453125
9 0.2578125 0.70625 0.4171875 0.0453125
9 0.33046875 0.68515625 0.14375 0.021875
5 0.42421875 0.8015625 0.0140625 0.040625