5 0.6015625 0.57734375 0.0203125 0.025
5 0.559375 0.95234375 0.0625 0.0953125
5 0.55 0.6625 0.0765625 0.109375
5 0.4765625 0.734375 0.065625 0.0984375
5 0.64140625 0.54375 0.015625 0.01875
5 0.64375 0.55859375 0.00625 0.009375
0 0.7625 0.68125 0.0765625 0.0890625
5 0.49921875 0.7421875 0.053125 0.09375
5 0.7109375 0.56796875 0.0109375 0.0171875
0 0.54453125 0.8 0.134375 0.2140625
5 0.61640625 0.5625 0.003125 0.00625
5 0.6625 0.5515625 0.0234375 0.0203125
5 0.478125 0.94453125 0.05 0.1109375
5 0.6390625 0.5421875 0.00625 0.00625
5 0.35859375 0.85859375 0.1453125 0.190625
5 0.62578125 0.55703125 0.009375 0.0109375
5 0.59296875 0.60234375 0.03125 0.0296875
5 0.684375 0.55234375 0.009375 0.015625
5 0.61796875 0.603125 0.0359375 0.08125