5 0.42890625 0.5828125 0.0078125 0.0140625
9 0.371875 0.5203125 0.03046875 0.0203125
5 0.18359375 0.6796875 0.0578125 0.0671875
5 0.28515625 0.81171875 0.0375 0.0796875
5 0.40546875 0.5609375 0.01484375 0.04453125
5 0.390625 0.5921875 0.015625 0.0359375
0 0.259375 0.6078125 0.08828125 0.09375
5 0.07890625 0.78359375 0.1484375 0.1390625
5 0.15625 0.9078125 0.16875 0.1765625
9 0.34140625 0.5390625 0.03203125 0.015625
5 0.3296875 0.56484375 0.0109375 0.01328125
5 0.31015625 0.559375 0.0140625 0.01484375
5 0.071875 0.740625 0.14296875 0.13359375
0 0.4796875 0.796875 0.1484375 0.39375