5 0.4609375 0.94765625 0.02421875 0.10390625
9 0.3828125 0.63984375 0.08828125 0.01328125
5 0.4328125 0.93046875 0.03046875 0.04609375
5 0.4140625 0.85703125 0.03359375 0.1015625
5 0.27265625 0.78203125 0.14921875 0.296875
0 0.10859375 0.92421875 0.18125 0.1453125
5 0.09140625 0.77734375 0.13046875 0.1375
5 0.1796875 0.7015625 0.084375 0.08515625
5 0.459375 0.725 0.028125 0.03359375
5 0.44375 0.8359375 0.02265625 0.14140625
5 0.0390625 0.8109375 0.0703125 0.06796875
5 0.40703125 0.6046875 0.0140625 0.09921875
5 0.51796875 0.8921875 0.05859375 0.2125
5 0.4328125 0.71015625 0.0171875 0.1140625