9 0.91484375 0.94375 0.0453125 0.034375
9 0.75546875 0.65 0.071875 0.0171875
9 0.590625 0.80078125 0.059375 0.028125
5 0.62578125 0.6890625 0.0109375 0.0140625
9 0.66484375 0.6640625 0.078125 0.0265625
5 0.5640625 0.89609375 0.09375 0.2078125
9 0.8890625 0.7515625 0.0296875 0.015625
9 0.67734375 0.628125 0.0375 0.0140625
9 0.6890625 0.95625 0.190625 0.065625
5 0.6453125 0.55703125 0.00625 0.0203125
5 0.91953125 0.7703125 0.096875 0.09375
5 0.6578125 0.6328125 0.0078125 0.0265625
5 0.81171875 0.64609375 0.0703125 0.053125
5 0.59296875 0.653125 0.06875 0.1234375
5 0.634375 0.59140625 0.0125 0.034375
9 0.8234375 0.7296875 0.071875 0.0234375