5 0.6015625 0.86796875 0.1 0.2453125
5 0.38515625 0.69296875 0.0140625 0.0203125
9 0.31484375 0.9421875 0.0375 0.01875
5 0.365625 0.81796875 0.0484375 0.0515625
5 0.434375 0.6859375 0.0203125 0.034375
5 0.56796875 0.74453125 0.0421875 0.0796875
5 0.334375 0.61484375 0.025 0.025
5 0.26171875 0.71328125 0.078125 0.0765625
5 0.52890625 0.96796875 0.015625 0.0578125
5 0.31640625 0.84296875 0.053125 0.071875
5 0.52578125 0.72109375 0.0453125 0.0796875
5 0.47265625 0.69375 0.0140625 0.0328125
5 0.3046875 0.71796875 0.0625 0.06875
5 0.5109375 0.90625 0.015625 0.0390625
5 0.55234375 0.88359375 0.0203125 0.04375
5 0.28984375 0.7734375 0.034375 0.0546875
5 0.41015625 0.6640625 0.0296875 0.04375
5 0.43984375 0.62890625 0.025 0.040625
5 0.28125 0.63515625 0.0171875 0.015625
5 0.2296875 0.69921875 0.1234375 0.1078125
0 0.31484375 0.6046875 0.0359375 0.03125
5 0.3484375 0.625 0.0078125 0.0171875
5 0.2609375 0.64609375 0.0578125 0.046875
5 0.65390625 0.90390625 0.0921875 0.15625
5 0.48984375 0.89375 0.0484375 0.2125
5 0.1125 0.83359375 0.1671875 0.1703125