5 0.4609375 0.71875 0.0109375 0.065625
5 0.40625 0.615625 0.03125 0.0703125
5 0.26171875 0.6375 0.01796875 0.04453125
5 0.0578125 0.940625 0.10859375 0.1140625
5 0.41484375 0.68828125 0.0171875 0.0234375
5 0.51953125 0.87109375 0.0921875 0.25078125
9 0.4234375 0.753125 0.05859375 0.01875
5 0.3421875 0.8296875 0.06171875 0.3328125
5 0.1078125 0.83125 0.04765625 0.05859375
5 0.25859375 0.74453125 0.04140625 0.05859375
5 0.39375 0.8796875 0.0359375 0.23125
9 0.171875 0.86015625 0.27109375 0.06796875
5 0.046875 0.84609375 0.04140625 0.065625
0 0.359375 0.5765625 0.0265625 0.0375
5 0.15546875 0.93046875 0.07578125 0.13125
5 0.25703125 0.68828125 0.04765625 0.03828125
5 0.37734375 0.62734375 0.015625 0.06328125