5 0.6828125 0.86015625 0.096875 0.2578125
5 0.6265625 0.721875 0.009375 0.04375
5 0.959375 0.78515625 0.08125 0.0703125
5 0.80703125 0.69375 0.0234375 0.0265625
5 0.61015625 0.56484375 0.0390625 0.0453125
5 0.6046875 0.76484375 0.0125 0.1140625
5 0.57265625 0.603125 0.0375 0.0328125
5 0.65703125 0.61953125 0.01875 0.0515625
5 0.578125 0.66796875 0.0390625 0.1078125
5 0.56953125 0.90703125 0.0734375 0.178125
9 0.6359375 0.67421875 0.078125 0.0109375
9 0.77734375 0.7046875 0.1328125 0.0125
5 0.590625 0.55390625 0.0234375 0.015625
5 0.89375 0.7546875 0.1 0.10625
5 0.671875 0.578125 0.0171875 0.03125
9 0.74296875 0.6859375 0.1046875 0.01875