5 0.39296875 0.71328125 0.01484375 0.025
5 0.42578125 0.59765625 0.0046875 0.01640625
5 0.16171875 0.67421875 0.0421875 0.02890625
5 0.421875 0.9703125 0.015625 0.05859375
5 0.12578125 0.93828125 0.06875 0.11484375
5 0.3015625 0.61015625 0.02265625 0.08828125
5 0.41640625 0.76796875 0.01328125 0.1640625
5 0.45078125 0.68203125 0.01171875 0.02421875
5 0.44921875 0.9109375 0.02890625 0.171875
5 0.41640625 0.87578125 0.0171875 0.05
5 0.409375 0.63359375 0.02578125 0.096875
5 0.06875 0.76796875 0.13671875 0.13203125