5 0.64375 0.6703125 0.0328125 0.075
5 0.6359375 0.5953125 0.025 0.075
5 0.934375 0.63203125 0.13125 0.1578125
9 0.68203125 0.6578125 0.0703125 0.0625
5 0.7703125 0.9234375 0.0609375 0.06875
5 0.7015625 0.52421875 0.0140625 0.028125
5 0.66796875 0.55078125 0.0359375 0.0640625
5 0.68046875 0.59921875 0.0234375 0.053125
5 0.7109375 0.609375 0.025 0.065625
5 0.98671875 0.6359375 0.0265625 0.034375
5 0.86484375 0.79453125 0.0734375 0.146875
5 0.809375 0.7078125 0.034375 0.053125
5 0.78359375 0.5421875 0.0421875 0.034375
5 0.8296875 0.5671875 0.0375 0.040625
5 0.7765625 0.61875 0.1 0.1421875
5 0.66171875 0.634375 0.01875 0.0546875
5 0.628125 0.5421875 0.021875 0.05
5 0.709375 0.5625 0.021875 0.0203125
5 0.75078125 0.52421875 0.0140625 0.025
5 0.61484375 0.87578125 0.0859375 0.221875
5 0.7265625 0.61796875 0.0109375 0.0296875
5 0.63984375 0.78046875 0.0640625 0.171875
5 0.728125 0.51875 0.0140625 0.0140625
5 0.6671875 0.48984375 0.009375 0.015625
5 0.74609375 0.66171875 0.0546875 0.0609375