5 0.16640625 0.81953125 0.0140625 0.0171875
9 0.46328125 0.8625 0.1765625 0.071875
5 0.48515625 0.8578125 0.0984375 0.284375
5 0.225 0.703125 0.08125 0.08125
5 0.140625 0.8 0.0765625 0.075
5 0.30390625 0.63203125 0.0078125 0.0109375
5 0.39296875 0.61484375 0.0171875 0.0234375
9 0.26015625 0.9625 0.0640625 0.034375
5 0.1953125 0.78125 0.0484375 0.06875
5 0.3125 0.61875 0.009375 0.0109375
5 0.3828125 0.596875 0.0140625 0.0171875
5 0.11484375 0.89375 0.1375 0.121875
5 0.4140625 0.66015625 0.021875 0.0625
5 0.36171875 0.8125 0.1859375 0.375