5 0.38828125 0.56015625 0.0171875 0.0234375
5 0.3703125 0.94140625 0.0484375 0.0953125
5 0.425 0.65234375 0.0625 0.1015625
5 0.4859375 0.73515625 0.053125 0.0921875
5 0.35390625 0.52109375 0.0140625 0.0171875
5 0.3484375 0.53515625 0.00625 0.0078125
0 0.2125 0.63828125 0.065625 0.08125
5 0.46328125 0.73984375 0.0390625 0.0890625
5 0.28046875 0.534375 0.0078125 0.0171875
0 0.409375 0.7890625 0.1046875 0.203125
5 0.375 0.54375 0.003125 0.00625
5 0.33125 0.52578125 0.021875 0.0171875
5 0.45078125 0.94453125 0.0328125 0.1109375
5 0.35625 0.51953125 0.0046875 0.00625
5 0.58359375 0.8765625 0.1203125 0.1765625
5 0.3671875 0.53671875 0.0078125 0.0109375
5 0.3921875 0.58671875 0.028125 0.0265625
5 0.31015625 0.5234375 0.0078125 0.015625
5 0.36796875 0.58359375 0.025 0.0796875