9 0.36953125 0.59296875 0.0359375 0.021875
5 0.48046875 0.69765625 0.0421875 0.05625
5 0.20859375 0.921875 0.1640625 0.15625
9 0.32265625 0.66953125 0.0796875 0.0203125
5 0.26953125 0.690625 0.05 0.0484375
5 0.16640625 0.8578125 0.2578125 0.284375
5 0.47109375 0.75390625 0.071875 0.1203125
5 0.28046875 0.82421875 0.0953125 0.14375
5 0.28984375 0.90390625 0.1421875 0.1921875
5 0.353125 0.9125 0.10625 0.175
5 0.5515625 0.91875 0.0578125 0.1546875
5 0.35234375 0.78125 0.071875 0.1453125
9 0.28046875 0.71953125 0.1609375 0.0609375
5 0.425 0.6015625 0.0546875 0.0640625
5 0.3640625 0.68984375 0.03125 0.0578125
9 0.325 0.68125 0.0953125 0.025
5 0.31328125 0.7765625 0.0796875 0.125
9 0.33671875 0.646875 0.084375 0.0265625
9 0.4203125 0.65 0.0671875 0.0328125
5 0.53671875 0.825 0.0578125 0.140625