5 0.3234375 0.86328125 0.09296875 0.25546875
5 0.37734375 0.72421875 0.009375 0.04296875
5 0.0421875 0.79375 0.084375 0.06875
5 0.19609375 0.69921875 0.02265625 0.02578125
5 0.390625 0.56640625 0.0375 0.0453125
5 0.4 0.76640625 0.0109375 0.11328125
5 0.42890625 0.6046875 0.03671875 0.0328125
5 0.3453125 0.621875 0.0171875 0.0515625
5 0.425 0.66953125 0.0375 0.10703125
5 0.4375 0.9078125 0.07109375 0.17734375
9 0.3671875 0.6765625 0.078125 0.009375
9 0.2265625 0.709375 0.1328125 0.01015625
5 0.41015625 0.55546875 0.02265625 0.01484375
5 0.1109375 0.76171875 0.0984375 0.1046875
5 0.3296875 0.58125 0.0171875 0.03046875
9 0.26015625 0.68984375 0.1046875 0.01640625