5 0.64375 0.74140625 0.0125 0.078125
5 0.29375 0.6828125 0.0421875 0.0375
5 0.39375 0.5921875 0.046875 0.0375
5 0.7171875 0.659375 0.025 0.0359375
5 0.47421875 0.6203125 0.0140625 0.01875
9 0.4171875 0.6359375 0.0859375 0.00625
5 0.53984375 0.64296875 0.028125 0.071875
0 0.159375 0.86875 0.309375 0.25625
8 0.2640625 0.709375 0.021875 0.025
9 0.82578125 0.7125 0.028125 0.046875
5 0.653125 0.559375 0.021875 0.021875
9 0.8625 0.94609375 0.271875 0.10625
9 0.76796875 0.77734375 0.24375 0.0453125
5 0.63203125 0.575 0.00625 0.0125
5 0.66484375 0.94375 0.028125 0.0375
5 0.38984375 0.6140625 0.0125 0.028125
5 0.59296875 0.66015625 0.0078125 0.028125
5 0.35 0.63203125 0.01875 0.021875
5 0.65 0.8421875 0.015625 0.096875
9 0.59140625 0.9 0.3265625 0.053125
5 0.89765625 0.9125 0.025 0.03125
9 0.365625 0.86484375 0.096875 0.0296875
5 0.81015625 0.65546875 0.053125 0.0515625
5 0.73671875 0.6453125 0.009375 0.0296875
5 0.5078125 0.6296875 0.025 0.04375
9 0.5921875 0.5796875 0.046875 0.01875
5 0.4546875 0.66875 0.0328125 0.05625
0 0.375 0.7734375 0.115625 0.1484375
5 0.7515625 0.62421875 0.0125 0.021875
9 0.753125 0.74140625 0.1140625 0.01875