5 0.2859375 0.8609375 0.09453125 0.271875
5 0.346875 0.6578125 0.00859375 0.02421875
9 0.36796875 0.753125 0.07265625 0.015625
5 0.41875 0.5578125 0.015625 0.0234375
5 0.4078125 0.890625 0.04296875 0.21328125
5 0.13359375 0.73046875 0.2671875 0.228125
5 0.41953125 0.68203125 0.0171875 0.07578125
5 0.36484375 0.61875 0.009375 0.02578125
5 0.37734375 0.63828125 0.01484375 0.03125
5 0.38671875 0.6015625 0.00859375 0.0234375
5 0.4328125 0.61015625 0.01875 0.05390625
5 0.34453125 0.5734375 0.025 0.02265625
5 0.359375 0.69375 0.0140625 0.06328125