5 0.42265625 0.8921875 0.03125 0.215625
5 0.2640625 0.78203125 0.0140625 0.0171875
5 0.51796875 0.915625 0.01875 0.05
5 0.125 0.7484375 0.1046875 0.0890625
9 0.271875 0.790625 0.528125 0.03125
5 0.41640625 0.54375 0.009375 0.01875
5 0.071875 0.8671875 0.134375 0.146875
5 0.23359375 0.65859375 0.1171875 0.090625
5 0.41171875 0.6625 0.0265625 0.075
5 0.33515625 0.66015625 0.0078125 0.0203125
5 0.30546875 0.73359375 0.0265625 0.08125
5 0.36953125 0.8796875 0.0109375 0.0328125
5 0.328125 0.5859375 0.00625 0.015625
5 0.30859375 0.60703125 0.0140625 0.015625