5 0.2359375 0.6234375 0.0453125 0.02578125
0 0.4125 0.55859375 0.0234375 0.04140625
5 0.12265625 0.87265625 0.08203125 0.16015625
5 0.1 0.9578125 0.03984375 0.07734375
5 0.21875 0.6671875 0.03515625 0.03671875
5 0.296875 0.5984375 0.071875 0.0625
5 0.3015625 0.57734375 0.00625 0.01484375
5 0.19140625 0.65390625 0.06796875 0.03671875
5 0.08515625 0.740625 0.1671875 0.12109375
5 0.19375 0.734375 0.09140625 0.128125
5 0.1640625 0.8546875 0.01953125 0.0484375
5 0.06796875 0.803125 0.1359375 0.11875
5 0.44375 0.8140625 0.1 0.27578125
5 0.26015625 0.6015625 0.0453125 0.03125
5 0.24140625 0.86171875 0.13671875 0.2734375