5 0.53359375 0.63203125 0.009375 0.01875
5 0.52734375 0.7203125 0.040625 0.0953125
5 0.39375 0.72109375 0.025 0.034375
5 0.41484375 0.6265625 0.0109375 0.01875
5 0.38984375 0.58203125 0.040625 0.0359375
5 0.5 0.63203125 0.03125 0.053125
5 0.1109375 0.8375 0.1171875 0.0625
5 0.2171875 0.78046875 0.1375 0.1265625
5 0.415625 0.684375 0.0234375 0.0265625
9 0.49453125 0.56640625 0.0140625 0.009375
5 0.4859375 0.5609375 0.0046875 0.0140625
5 0.6734375 0.86171875 0.0671875 0.1265625
5 0.5640625 0.8765625 0.0796875 0.2359375
5 0.47421875 0.571875 0.0140625 0.0296875
5 0.6484375 0.92109375 0.0359375 0.1125
5 0.17578125 0.82421875 0.040625 0.04375
5 0.33125 0.6640625 0.159375 0.1171875
5 0.41953125 0.6140625 0.0046875 0.0078125
5 0.515625 0.6671875 0.015625 0.034375
5 0.48203125 0.76015625 0.0171875 0.034375
5 0.5265625 0.60546875 0.0125 0.0296875
5 0.5 0.5765625 0.00625 0.015625
5 0.34375 0.8671875 0.134375 0.265625
5 0.38359375 0.82578125 0.021875 0.0359375
5 0.503125 0.59375 0.00625 0.009375
5 0.25703125 0.7 0.04375 0.0453125
5 0.40859375 0.65078125 0.0140625 0.0328125
5 0.1484375 0.79765625 0.0359375 0.028125
5 0.6 0.82421875 0.0234375 0.0375
9 0.575 0.803125 0.0328125 0.0265625
5 0.42578125 0.6640625 0.0140625 0.015625