5 0.45 0.584375 0.02421875 0.046875
5 0.365625 0.60390625 0.0125 0.02265625
5 0.43984375 0.82734375 0.0203125 0.2421875
5 0.28125 0.97109375 0.02265625 0.05
5 0.48046875 0.75390625 0.04375 0.15390625
5 0.175 0.91484375 0.078125 0.14453125
5 0.41484375 0.70859375 0.02578125 0.0609375
0 0.14296875 0.75859375 0.1109375 0.11171875
5 0.42421875 0.96015625 0.0125 0.07109375
5 0.57109375 0.85390625 0.11171875 0.26328125
5 0.53984375 0.928125 0.02890625 0.1234375
5 0.48515625 0.66015625 0.0078125 0.0296875