5 0.1296875 0.896875 0.153125 0.20078125
9 0.328125 0.63125 0.0609375 0.0140625
5 0.51875 0.925 0.03515625 0.14765625
9 0.41875 0.65703125 0.1265625 0.0296875
8 0.340625 0.67109375 0.03046875 0.04453125
5 0.04921875 0.86484375 0.09765625 0.10859375
5 0.27578125 0.79453125 0.0328125 0.15546875
5 0.1328125 0.78046875 0.06875 0.0640625
9 0.29296875 0.65234375 0.03125 0.01796875
5 0.478125 0.9765625 0.01953125 0.0453125
5 0.2578125 0.665625 0.0703125 0.10390625
5 0.2 0.7125 0.06640625 0.0734375
5 0.25390625 0.93125 0.03125 0.1296875
5 0.4859375 0.825 0.0125 0.11484375
5 0.22734375 0.66171875 0.0265625 0.03515625
5 0.3984375 0.58359375 0.03125 0.03828125
5 0.45078125 0.946875 0.01328125 0.05546875
5 0.18046875 0.78046875 0.03984375 0.053125