5 0.71015625 0.65546875 0.034375 0.0578125
8 0.54765625 0.60078125 0.0359375 0.0203125
0 0.58671875 0.5578125 0.0265625 0.0375
8 0.56328125 0.578125 0.0171875 0.0109375
5 0.8171875 0.9109375 0.0390625 0.121875
0 0.57890625 0.53046875 0.015625 0.0203125
9 0.64453125 0.6 0.171875 0.0234375
8 0.4625 0.58125 0.06875 0.03125
5 0.5921875 0.59140625 0.0125 0.03125
9 0.67578125 0.76640625 0.20625 0.0328125
5 0.57109375 0.71796875 0.0265625 0.0765625
5 0.5859375 0.6515625 0.0265625 0.059375
9 0.64609375 0.61171875 0.1765625 0.025
5 0.8328125 0.8171875 0.0234375 0.06875
5 0.54296875 0.9453125 0.0515625 0.103125
5 0.759375 0.72109375 0.0546875 0.0703125
5 0.88046875 0.9109375 0.075 0.109375
9 0.9234375 0.73515625 0.153125 0.0390625