5 0.340625 0.91015625 0.0625 0.1296875
5 0.41171875 0.8796875 0.0875 0.2203125
5 0.4671875 0.53984375 0.01875 0.015625
5 0.034375 0.6953125 0.06875 0.1125
5 0.43359375 0.5390625 0.0515625 0.0375
5 0.303125 0.6375 0.1203125 0.11875
5 0.375 0.55078125 0.065625 0.0578125
5 0.4125 0.65546875 0.03125 0.05
5 0.3265625 0.578125 0.028125 0.03125
5 0.38828125 0.57890625 0.0234375 0.0328125
0 0.42265625 0.596875 0.0546875 0.0765625
5 0.1078125 0.67734375 0.096875 0.090625
5 0.0296875 0.75078125 0.059375 0.1484375
5 0.2828125 0.5515625 0.065625 0.0765625