5 0.76015625 0.57421875 0.0265625 0.028125
9 0.759375 0.8375 0.14375 0.0609375
5 0.6078125 0.78984375 0.16875 0.38125
5 0.640625 0.6578125 0.0484375 0.10625
9 0.91953125 0.71328125 0.1609375 0.1140625
5 0.57734375 0.65859375 0.01875 0.028125
5 0.53828125 0.96015625 0.0640625 0.0796875
5 0.778125 0.60546875 0.0296875 0.03125
5 0.8703125 0.61640625 0.0796875 0.0625
9 0.69453125 0.72421875 0.0640625 0.0375
5 0.684375 0.84765625 0.0828125 0.2296875
9 0.69453125 0.55390625 0.065625 0.040625
5 0.6015625 0.58671875 0.0296875 0.05625