5 0.51015625 0.6359375 0.00703125 0.0171875
5 0.48828125 0.721875 0.02421875 0.09296875
5 0.35703125 0.69921875 0.01953125 0.03125
5 0.39375 0.61015625 0.0078125 0.0171875
5 0.37734375 0.56171875 0.0359375 0.0296875
5 0.47734375 0.63046875 0.02265625 0.04921875
5 0.05859375 0.76484375 0.1109375 0.04453125
5 0.17265625 0.72734375 0.1203125 0.10703125
5 0.38515625 0.6671875 0.01875 0.02421875
9 0.4828125 0.5640625 0.01328125 0.0078125
5 0.47578125 0.5578125 0.003125 0.01328125
5 0.6078125 0.8859375 0.04609375 0.12109375
5 0.49765625 0.88203125 0.03984375 0.23203125
5 0.46171875 0.56640625 0.00859375 0.02890625
5 0.57265625 0.940625 0.0171875 0.11171875
5 0.12421875 0.76328125 0.034375 0.0390625
5 0.30546875 0.63203125 0.1453125 0.09296875
5 0.40078125 0.5984375 0.003125 0.0078125
5 0.48671875 0.6671875 0.01015625 0.03359375
5 0.4375 0.753125 0.0109375 0.03359375
5 0.5078125 0.60859375 0.00703125 0.0296875
5 0.48671875 0.57578125 0.003125 0.01484375
5 0.2796875 0.853125 0.0859375 0.290625
5 0.32890625 0.80078125 0.015625 0.034375
5 0.48671875 0.59296875 0.0046875 0.009375
5 0.22578125 0.6546875 0.03671875 0.03984375
5 0.38359375 0.6328125 0.00859375 0.03125
5 0.10234375 0.73203125 0.0328125 0.02265625
5 0.5421875 0.83671875 0.01796875 0.034375
9 0.52109375 0.81171875 0.0296875 0.02109375
5 0.3984375 0.6484375 0.01171875 0.0140625