5 0.41796875 0.64765625 0.01640625 0.06640625
5 0.46171875 0.63671875 0.00546875 0.01953125
5 0.38203125 0.6140625 0.03515625 0.1203125
5 0.4484375 0.90703125 0.01953125 0.17578125
5 0.228125 0.7625 0.02265625 0.03671875
5 0.43203125 0.55625 0.00234375 0.01015625
5 0.43125 0.728125 0.02109375 0.12109375
5 0.41328125 0.53984375 0.01171875 0.01875
5 0.2453125 0.615625 0.03515625 0.02734375
9 0.4140625 0.61484375 0.0453125 0.0078125
5 0.4671875 0.8984375 0.015625 0.03828125
5 0.42421875 0.55625 0.00546875 0.015625
5 0.41484375 0.5703125 0.009375 0.0453125
5 0.43671875 0.59765625 0.01953125 0.0234375
5 0.32109375 0.6328125 0.0203125 0.03125
5 0.44296875 0.73515625 0.00546875 0.04453125
5 0.203125 0.646875 0.025 0.0296875
5 0.40625 0.790625 0.01015625 0.07890625
5 0.4546875 0.7921875 0.01015625 0.0765625