5 0.425 0.60546875 0.0109375 0.021875
9 0.30859375 0.59140625 0.0640625 0.0171875
5 0.2296875 0.76171875 0.103125 0.15390625
5 0.53984375 0.909375 0.04609375 0.08984375
5 0.4578125 0.75 0.03125 0.1171875
5 0.34609375 0.58125 0.01484375 0.021875
5 0.50078125 0.8328125 0.02890625 0.11015625
5 0.3 0.65234375 0.03203125 0.0515625
5 0.36484375 0.63515625 0.02578125 0.04609375
9 0.37734375 0.596875 0.05234375 0.009375
5 0.0984375 0.79296875 0.196875 0.19140625
9 0.2109375 0.68515625 0.1375 0.021875
9 0.37578125 0.6953125 0.1046875 0.0296875
5 0.43046875 0.65078125 0.0125 0.0296875
5 0.40546875 0.5890625 0.00703125 0.034375