5 0.565625 0.5921875 0.015625 0.0375
5 0.6203125 0.64921875 0.0078125 0.028125
5 0.790625 0.65078125 0.140625 0.1484375
5 0.58046875 0.69375 0.0078125 0.021875
5 0.503125 0.759375 0.0515625 0.075
5 0.59140625 0.59765625 0.025 0.08125
5 0.59921875 0.67109375 0.04375 0.1125
5 0.61015625 0.75859375 0.0484375 0.128125
5 0.65390625 0.921875 0.0296875 0.1234375
5 0.4515625 0.8671875 0.0984375 0.140625
5 0.52421875 0.77265625 0.059375 0.1078125
5 0.5484375 0.66484375 0.0546875 0.1046875
5 0.58515625 0.89375 0.059375 0.14375
0 0.7640625 0.72265625 0.2140625 0.325
5 0.46328125 0.9140625 0.1203125 0.171875
5 0.61953125 0.5359375 0.009375 0.0125
5 0.6140625 0.884375 0.08125 0.2078125
5 0.93046875 0.78203125 0.1390625 0.1828125