5 0.31328125 0.55625 0.01640625 0.0171875
5 0.2921875 0.6671875 0.0078125 0.0109375
5 0.2765625 0.64765625 0.0859375 0.10390625
8 0.4140625 0.56640625 0.0140625 0.01015625
5 0.24765625 0.71796875 0.01015625 0.01875
5 0.38359375 0.525 0.00703125 0.02265625
5 0.39609375 0.5359375 0.00625 0.015625
5 0.35390625 0.55703125 0.009375 0.01953125
5 0.33515625 0.5390625 0.01640625 0.01484375
5 0.08671875 0.740625 0.16875 0.11875
5 0.40625 0.72734375 0.01484375 0.02890625
5 0.4140625 0.64375 0.01328125 0.0296875