5 0.4078125 0.60078125 0.02265625 0.02421875
0 0.1046875 0.75546875 0.14765625 0.1359375
5 0.18984375 0.6890625 0.025 0.0359375
5 0.053125 0.95234375 0.096875 0.07578125
9 0.3453125 0.6203125 0.12109375 0.01640625
0 0.43671875 0.72890625 0.0734375 0.0859375
5 0.43046875 0.6453125 0.06015625 0.0578125
5 0.103125 0.8765625 0.075 0.09765625
9 0.03671875 0.8484375 0.0640625 0.02265625
9 0.23671875 0.771875 0.1328125 0.0859375
5 0.30234375 0.59453125 0.0109375 0.01171875
5 0.22890625 0.65 0.053125 0.040625