5 0.49453125 0.8109375 0.0203125 0.03125
9 0.2359375 0.98125 0.171875 0.03671875
5 0.44453125 0.659375 0.01171875 0.03515625
5 0.5140625 0.715625 0.04296875 0.1046875
5 0.44453125 0.5546875 0.00703125 0.009375
5 0.10546875 0.82421875 0.09296875 0.12734375
5 0.55859375 0.96328125 0.02421875 0.07109375
5 0.47265625 0.58125 0.0140625 0.02265625
5 0.42734375 0.78046875 0.028125 0.075
5 0.25859375 0.73203125 0.06328125 0.06484375
5 0.38125 0.88984375 0.04609375 0.10625
5 0.3625 0.97265625 0.0171875 0.0484375
5 0.1671875 0.7140625 0.1015625 0.06953125
5 0.41171875 0.71640625 0.0234375 0.05546875
5 0.42890625 0.628125 0.021875 0.01953125
5 0.61171875 0.9234375 0.0328125 0.0359375
5 0.5234375 0.85234375 0.02890625 0.13125
9 0.471875 0.56328125 0.0140625 0.01171875
9 0.20390625 0.8796875 0.4078125 0.146875
9 0.57578125 0.9 0.0734375 0.015625