5 0.2296875 0.784375 0.02890625 0.065625
5 0.2296875 0.5875 0.03515625 0.0328125
5 0.36015625 0.69296875 0.0375 0.10078125
5 0.43359375 0.9265625 0.0078125 0.05
5 0.5515625 0.9515625 0.03984375 0.0875
5 0.1890625 0.60625 0.015625 0.02109375
5 0.27578125 0.7109375 0.0203125 0.0640625
9 0.296875 0.98125 0.0546875 0.03671875
5 0.31484375 0.64609375 0.01796875 0.096875
5 0.3171875 0.85 0.0109375 0.053125
5 0.315625 0.940625 0.0203125 0.040625
5 0.334375 0.60390625 0.03515625 0.06796875
5 0.4734375 0.78515625 0.0265625 0.0515625
5 0.27578125 0.853125 0.028125 0.03359375
5 0.453125 0.86953125 0.0203125 0.06015625
5 0.5 0.775 0.02890625 0.0515625
5 0.4453125 0.703125 0.01484375 0.05234375
5 0.1921875 0.5921875 0.0125 0.01328125
5 0.24296875 0.85390625 0.0203125 0.025
8 0.44453125 0.975 0.040625 0.0421875