5 0.70234375 0.84296875 0.0234375 0.0421875
5 0.5109375 0.81953125 0.115625 0.3609375
5 0.7765625 0.72578125 0.0765625 0.06875
9 0.68046875 0.909375 0.3515625 0.109375
9 0.4375 0.86484375 0.1421875 0.059375
5 0.57578125 0.565625 0.0125 0.0140625
5 0.68125 0.75 0.084375 0.109375
5 0.590625 0.6265625 0.0203125 0.0484375
5 0.71015625 0.6484375 0.109375 0.0828125
5 0.56171875 0.58828125 0.0140625 0.0203125
5 0.55546875 0.61796875 0.0140625 0.0203125
5 0.828125 0.82890625 0.053125 0.053125
5 0.5875 0.575 0.0109375 0.0328125