5 0.44609375 0.5875 0.0265625 0.0921875
5 0.459375 0.7578125 0.02421875 0.12578125
0 0.34140625 0.72578125 0.05625 0.15625
9 0.42890625 0.6453125 0.04375 0.025
5 0.465625 0.91015625 0.078125 0.178125
9 0.37890625 0.8578125 0.05 0.0515625
5 0.40625 0.60390625 0.009375 0.0375
8 0.303125 0.6125 0.009375 0.0078125
5 0.31796875 0.59921875 0.01875 0.01640625
5 0.46328125 0.66484375 0.02421875 0.059375
5 0.45546875 0.53203125 0.03828125 0.0421875
5 0.4578125 0.54296875 0.00703125 0.02265625
5 0.44296875 0.75859375 0.02421875 0.1109375
0 0.23515625 0.903125 0.24453125 0.18828125