5 0.43828125 0.64453125 0.009375 0.0359375
5 0.38515625 0.5953125 0.00625 0.0171875
5 0.38203125 0.95546875 0.0265625 0.0890625
5 0.190625 0.83203125 0.234375 0.3359375
5 0.421875 0.57265625 0.0078125 0.0234375
5 0.40390625 0.8484375 0.0328125 0.303125
5 0.44921875 0.8625 0.021875 0.1203125
5 0.39921875 0.6328125 0.0296875 0.0640625
5 0.42578125 0.61953125 0.01875 0.0625
5 0.36796875 0.68203125 0.03125 0.171875
5 0.4421875 0.70546875 0.0171875 0.0453125
5 0.46953125 0.77265625 0.0125 0.0984375
5 0.35390625 0.79765625 0.059375 0.21875
5 0.175 0.75625 0.028125 0.034375
5 0.2453125 0.6625 0.1546875 0.1375