5 0.35 0.575 0.01875 0.02734375
9 0.3125 0.59140625 0.1265625 0.00625
5 0.04765625 0.82265625 0.0859375 0.1109375
5 0.19296875 0.84140625 0.18828125 0.30546875
9 0.3328125 0.69453125 0.02890625 0.01484375
5 0.40546875 0.55703125 0.0078125 0.02265625
5 0.16328125 0.734375 0.1015625 0.0984375
5 0.23359375 0.88671875 0.0421875 0.06875
5 0.39765625 0.5546875 0.009375 0.02421875
9 0.3828125 0.7109375 0.03203125 0.0109375
5 0.384375 0.88125 0.0234375 0.165625
5 0.40859375 0.71328125 0.03984375 0.19921875