5 0.60078125 0.5296875 0.009375 0.0171875
5 0.8078125 0.76875 0.0703125 0.121875
5 0.6140625 0.5515625 0.0171875 0.046875
9 0.92421875 0.8875 0.1515625 0.053125
5 0.959375 0.9140625 0.025 0.040625
5 0.66953125 0.60703125 0.03125 0.0390625
5 0.91328125 0.8546875 0.0515625 0.0625
5 0.6609375 0.58359375 0.01875 0.0203125
9 0.67109375 0.8890625 0.3921875 0.096875
5 0.82109375 0.91875 0.0359375 0.0765625
5 0.59609375 0.6171875 0.0453125 0.0828125
5 0.69453125 0.6546875 0.015625 0.0375
5 0.61484375 0.87578125 0.05625 0.2234375