5 0.53828125 0.68125 0.028125 0.0328125
5 0.64375 0.56796875 0.003125 0.009375
9 0.55 0.70390625 0.0484375 0.0109375
5 0.64140625 0.62421875 0.009375 0.025
5 0.62578125 0.5671875 0.0109375 0.01875
9 0.63828125 0.58984375 0.0265625 0.009375
5 0.521875 0.7359375 0.075 0.128125
9 0.6484375 0.58046875 0.0109375 0.0140625
5 0.56484375 0.62109375 0.0328125 0.025
9 0.59609375 0.6390625 0.109375 0.03125
5 0.6578125 0.68671875 0.0171875 0.0375
5 0.55390625 0.65546875 0.0203125 0.021875
9 0.5734375 0.59375 0.015625 0.0046875
9 0.428125 0.9640625 0.04375 0.0171875
5 0.9140625 0.84609375 0.134375 0.1359375
9 0.590625 0.5796875 0.0453125 0.0171875
5 0.67265625 0.5796875 0.0109375 0.025
5 0.58671875 0.61015625 0.0078125 0.01875
9 0.57109375 0.6 0.0203125 0.0046875
9 0.61171875 0.81171875 0.0296875 0.0125
5 0.475 0.89296875 0.0609375 0.2125