5 0.3984375 0.64453125 0.01015625 0.0359375
5 0.40859375 0.54453125 0.0046875 0.0140625
5 0.42421875 0.97578125 0.0125 0.04375
5 0.3359375 0.68828125 0.03515625 0.08125
5 0.2203125 0.63203125 0.015625 0.0125
5 0.31171875 0.87421875 0.01015625 0.0703125
5 0.42265625 0.67109375 0.0125 0.034375
5 0.38359375 0.81171875 0.01796875 0.05703125
5 0.39921875 0.90859375 0.03359375 0.11640625
5 0.41171875 0.61484375 0.00625 0.0609375
5 0.340625 0.63671875 0.0140625 0.02421875
5 0.43203125 0.8046875 0.03828125 0.08359375
5 0.39921875 0.59921875 0.00703125 0.03203125
5 0.32734375 0.80078125 0.0171875 0.06875
5 0.346875 0.7515625 0.0109375 0.0546875
5 0.41171875 0.5734375 0.00703125 0.01796875
5 0.35 0.93125 0.0296875 0.134375
5 0.29296875 0.7609375 0.015625 0.02578125
9 0.2796875 0.87109375 0.55390625 0.0796875
5 0.1671875 0.66015625 0.01875 0.01484375
5 0.11796875 0.728125 0.2 0.1640625
5 0.3625 0.615625 0.01171875 0.02265625