5 0.55625 0.87734375 0.07109375 0.2390625
5 0.3625 0.67734375 0.01171875 0.01875
9 0.2625 0.91640625 0.0359375 0.01484375
5 0.328125 0.79921875 0.04296875 0.04609375
5 0.4125 0.6765625 0.0171875 0.03203125
5 0.5375 0.75078125 0.03359375 0.0765625
5 0.321875 0.59375 0.02265625 0.021875
5 0.2375 0.6828125 0.06953125 0.06875
5 0.471875 0.96796875 0.00859375 0.0578125
5 0.27578125 0.81796875 0.0453125 0.0671875
5 0.4984375 0.72265625 0.03671875 0.07578125
5 0.44921875 0.6890625 0.0109375 0.03125
5 0.2796875 0.6921875 0.0546875 0.0625
5 0.4609375 0.9046875 0.0109375 0.03828125
5 0.50546875 0.8875 0.01484375 0.0421875
5 0.2578125 0.74609375 0.028125 0.05234375
5 0.390625 0.6515625 0.02421875 0.040625
5 0.425 0.6203125 0.02109375 0.03828125
5 0.26640625 0.6078125 0.01640625 0.01328125
5 0.20703125 0.66484375 0.11328125 0.09453125
0 0.303125 0.58125 0.0328125 0.02734375
5 0.334375 0.60546875 0.00625 0.0171875
5 0.2453125 0.615625 0.053125 0.040625
5 0.60390625 0.91953125 0.07421875 0.1484375
5 0.4421875 0.89140625 0.0234375 0.2125
5 0.075 0.78359375 0.15 0.15390625