5 0.50546875 0.8109375 0.021875 0.03125
9 0.25234375 0.984375 0.1734375 0.03125
5 0.45 0.6609375 0.0125 0.0359375
5 0.521875 0.71484375 0.046875 0.10625
5 0.44609375 0.55625 0.0078125 0.009375
5 0.1171875 0.8375 0.096875 0.13125
5 0.575 0.9609375 0.0265625 0.071875
5 0.47578125 0.58203125 0.015625 0.0234375
5 0.4375 0.7828125 0.03125 0.0765625
5 0.2671875 0.740625 0.065625 0.0671875
5 0.3953125 0.89375 0.05 0.1078125
5 0.378125 0.9765625 0.01875 0.046875
5 0.175 0.72578125 0.1046875 0.0734375
5 0.41953125 0.71953125 0.025 0.05625
5 0.43359375 0.63046875 0.021875 0.0203125
5 0.6265625 0.91953125 0.034375 0.0375
5 0.5359375 0.8515625 0.0328125 0.1328125
9 0.47421875 0.5640625 0.0140625 0.0125
9 0.2171875 0.88984375 0.4125 0.1609375
9 0.58984375 0.896875 0.0734375 0.01875