5 0.315625 0.58203125 0.009375 0.028125
5 0.2953125 0.95 0.034375 0.040625
5 0.3375 0.70703125 0.0484375 0.109375
9 0.1171875 0.64609375 0.1234375 0.04375
5 0.11875 0.840625 0.1328125 0.215625
5 0.30234375 0.778125 0.034375 0.0671875
5 0.05 0.70546875 0.1 0.1078125
5 0.36484375 0.8953125 0.0640625 0.115625
5 0.33046875 0.58984375 0.028125 0.025
5 0.08984375 0.74609375 0.0671875 0.06875
5 0.24609375 0.553125 0.009375 0.0078125
5 0.3625 0.6546875 0.0265625 0.0546875
0 0.028125 0.81015625 0.05625 0.1453125
5 0.29921875 0.6328125 0.0328125 0.0703125
5 0.325 0.61171875 0.00625 0.0078125
5 0.1390625 0.69140625 0.0484375 0.05625
5 0.2015625 0.61875 0.040625 0.0625
5 0.11484375 0.6171875 0.040625 0.0375