5 0.67265625 0.640625 0.0265625 0.0265625
5 0.7484375 0.95390625 0.1 0.0921875
9 0.6140625 0.6125 0.1734375 0.04375
9 0.64921875 0.89453125 0.55 0.14375
5 0.5703125 0.5625 0.0171875 0.028125
5 0.51484375 0.74609375 0.009375 0.0234375
5 0.55625 0.575 0.003125 0.00625
5 0.640625 0.69453125 0.0390625 0.05
5 0.61796875 0.57578125 0.028125 0.015625
5 0.615625 0.628125 0.0203125 0.01875
9 0.75859375 0.746875 0.0984375 0.034375
8 0.68046875 0.8171875 0.0265625 0.0265625
5 0.55078125 0.60078125 0.0234375 0.046875
5 0.55859375 0.56875 0.01875 0.0171875
5 0.540625 0.709375 0.0265625 0.053125
5 0.64765625 0.61640625 0.034375 0.0203125
5 0.5421875 0.65859375 0.028125 0.04375
5 0.79453125 0.775 0.03125 0.0375
5 0.7671875 0.73125 0.0421875 0.0375