5 0.19765625 0.5609375 0.0890625 0.115625
5 0.12890625 0.67109375 0.059375 0.0671875
5 0.328125 0.6359375 0.0234375 0.0375
5 0.11484375 0.6265625 0.0546875 0.05625
5 0.09609375 0.7953125 0.0328125 0.05
5 0.28203125 0.48828125 0.015625 0.028125
5 0.209375 0.6375 0.0109375 0.0203125
5 0.015625 0.7546875 0.03125 0.146875
5 0.075 0.75234375 0.0265625 0.04375
5 0.11640625 0.7171875 0.05 0.0734375
5 0.14375 0.8359375 0.0625 0.1625
9 0.075 0.59765625 0.15 0.0734375
5 0.021875 0.7359375 0.04375 0.078125
5 0.2984375 0.60859375 0.040625 0.0765625
9 0.2125 0.6234375 0.128125 0.0421875
5 0.05234375 0.69140625 0.0421875 0.046875
5 0.08046875 0.659375 0.0203125 0.034375
5 0.2375 0.7875 0.10625 0.2984375
5 0.25703125 0.534375 0.0421875 0.078125
5 0.18203125 0.63671875 0.021875 0.034375
5 0.02578125 0.81640625 0.0515625 0.1390625
5 0.23828125 0.5015625 0.028125 0.0328125
0 0.215625 0.59296875 0.0421875 0.0640625