9 0.71796875 0.65 0.0359375 0.0140625
5 0.71015625 0.721875 0.0171875 0.028125
5 0.57578125 0.84140625 0.0171875 0.0359375
5 0.6578125 0.66640625 0.0140625 0.0234375
0 0.51796875 0.59140625 0.0765625 0.096875
5 0.75078125 0.83359375 0.025 0.0546875
5 0.609375 0.58203125 0.00625 0.0171875
5 0.39609375 0.87109375 0.1328125 0.23125
9 0.634375 0.7734375 0.334375 0.0609375
9 0.6046875 0.6484375 0.075 0.015625
9 0.66484375 0.7015625 0.378125 0.08125
5 0.5359375 0.79609375 0.0359375 0.0390625
9 0.63203125 0.6046875 0.1375 0.021875
5 0.590625 0.92265625 0.034375 0.13125
5 0.7078125 0.62578125 0.021875 0.021875