5 0.42109375 0.553125 0.01015625 0.02109375
5 0.4015625 0.5828125 0.015625 0.03984375
5 0.3734375 0.63984375 0.059375 0.0484375
5 0.05859375 0.82890625 0.1171875 0.0953125
5 0.1 0.8203125 0.19921875 0.225
5 0.425 0.62890625 0.05859375 0.0078125
5 0.340625 0.9703125 0.0265625 0.05390625
5 0.25546875 0.66640625 0.11171875 0.0953125
5 0.2734375 0.75 0.115625 0.17734375
5 0.40390625 0.77421875 0.01875 0.08828125
5 0.38671875 0.88828125 0.03671875 0.12109375
5 0.4390625 0.72265625 0.01484375 0.03046875