5 0.2453125 0.5921875 0.0265625 0.0265625
9 0.26484375 0.8546875 0.14375 0.0515625
5 0.41328125 0.796875 0.1453125 0.3828125
5 0.3703125 0.6671875 0.040625 0.10625
9 0.08828125 0.74453125 0.1765625 0.0984375
5 0.43359375 0.6640625 0.0171875 0.028125
5 0.49375 0.9609375 0.059375 0.078125
5 0.2296875 0.625 0.028125 0.0296875
5 0.1390625 0.6421875 0.078125 0.0578125
9 0.321875 0.7375 0.0625 0.034375
5 0.33984375 0.859375 0.06875 0.2328125
9 0.309375 0.5671875 0.0640625 0.0375
5 0.4046875 0.59375 0.025 0.05625