9 0.265625 0.62265625 0.034375 0.009375
5 0.2640625 0.69453125 0.0140625 0.0265625
5 0.3828125 0.8296875 0.0125 0.034375
5 0.3234375 0.64609375 0.0109375 0.02265625
0 0.47109375 0.58828125 0.065625 0.0890625
5 0.21015625 0.80078125 0.01953125 0.05234375
5 0.38125 0.56796875 0.0046875 0.01640625
5 0.5578125 0.88125 0.10703125 0.2203125
9 0.33359375 0.7546875 0.33359375 0.02109375
9 0.378125 0.634375 0.075 0.00703125
9 0.31171875 0.6796875 0.37578125 0.0359375
5 0.428125 0.78984375 0.03203125 0.03515625
9 0.35625 0.5875 0.1375 0.00546875
5 0.35859375 0.90859375 0.01875 0.13046875
5 0.278125 0.59921875 0.01953125 0.0203125