9 0.39765625 0.6171875 0.0796875 0.0125
5 0.4078125 0.5828125 0.01171875 0.034375
9 0.271875 0.634375 0.03984375 0.00859375
5 0.46796875 0.89609375 0.015625 0.096875
9 0.85 0.6421875 0.08984375 0.0171875
5 0.25625 0.7375 0.01953125 0.0234375
5 0.4046875 0.60859375 0.00859375 0.01484375
5 0.190625 0.67421875 0.03828125 0.02734375
9 0.884375 0.6546875 0.05390625 0.02109375
5 0.26796875 0.80078125 0.0125 0.0265625
5 0.29140625 0.7546875 0.02421875 0.04921875
9 0.38203125 0.6625 0.1546875 0.0125
5 0.31640625 0.6765625 0.0140625 0.0234375
0 0.34140625 0.60546875 0.0296875 0.04296875
9 0.27265625 0.72265625 0.41640625 0.01640625
9 0.34375 0.696875 0.14296875 0.0125
5 0.4453125 0.80625 0.0109375 0.03984375