5 0.890625 0.8765625 0.1640625 0.2078125
9 0.678125 0.621875 0.0609375 0.0171875
5 0.50390625 0.925 0.0421875 0.15
9 0.5890625 0.65234375 0.128125 0.0359375
8 0.66796875 0.6625 0.0328125 0.0453125
5 0.95859375 0.83984375 0.0828125 0.1140625
5 0.7390625 0.78203125 0.040625 0.15625
5 0.88125 0.7609375 0.071875 0.0671875
9 0.71484375 0.64140625 0.0328125 0.0203125
5 0.546875 0.975 0.021875 0.046875
5 0.75078125 0.65234375 0.075 0.1078125
5 0.8109375 0.696875 0.0703125 0.0765625
5 0.76796875 0.91796875 0.0375 0.13125
5 0.53125 0.8234375 0.01875 0.115625
5 0.78046875 0.646875 0.028125 0.0359375
5 0.60546875 0.578125 0.0328125 0.040625
5 0.57265625 0.94375 0.015625 0.05625
5 0.83359375 0.76328125 0.0421875 0.0546875