5 0.78984375 0.80390625 0.153125 0.2859375
5 0.684375 0.61953125 0.0140625 0.025
9 0.6859375 0.7171875 0.075 0.03125
5 0.5921875 0.53828125 0.0203125 0.0265625
5 0.67734375 0.86015625 0.090625 0.2171875
5 0.8765625 0.64140625 0.246875 0.2828125
5 0.61953125 0.659375 0.034375 0.078125
5 0.65859375 0.58515625 0.015625 0.0265625
5 0.65078125 0.60703125 0.021875 0.034375
5 0.63359375 0.5734375 0.0140625 0.025
5 0.590625 0.5921875 0.0296875 0.05625
5 0.66796875 0.53671875 0.0296875 0.028125
5 0.68046875 0.65703125 0.028125 0.0640625