5 0.30390625 0.6734375 0.03046875 0.0546875
8 0.4609375 0.6046875 0.03515625 0.0171875
0 0.41875 0.56484375 0.0234375 0.0359375
8 0.44375 0.58359375 0.0171875 0.009375
5 0.21953125 0.93671875 0.02890625 0.1203125
0 0.42421875 0.5375 0.01328125 0.01953125
9 0.36484375 0.6125 0.171875 0.00859375
8 0.54453125 0.57734375 0.06640625 0.025
5 0.41640625 0.59921875 0.01015625 0.03125
9 0.3484375 0.78046875 0.20546875 0.015625
5 0.4484375 0.7234375 0.01953125 0.07578125
5 0.42734375 0.65859375 0.021875 0.0578125
9 0.3640625 0.62421875 0.1765625 0.01015625
5 0.19609375 0.8453125 0.0171875 0.06796875
5 0.49609375 0.94765625 0.04296875 0.09921875
5 0.2609375 0.74296875 0.04921875 0.06640625
5 0.15703125 0.9421875 0.06640625 0.1046875
9 0.0875 0.771875 0.17421875 0.02421875