5 0.30078125 0.725 0.034375 0.0609375
5 0.3328125 0.63203125 0.0234375 0.046875
5 0.04921875 0.8015625 0.0984375 0.184375
5 0.16796875 0.74140625 0.1109375 0.16875
5 0.3765625 0.5796875 0.0140625 0.0171875
5 0.43046875 0.91484375 0.05 0.159375
5 0.40390625 0.80625 0.0453125 0.109375
5 0.3703125 0.55078125 0.015625 0.0296875
5 0.39140625 0.56328125 0.0125 0.01875
5 0.2125 0.9125 0.0421875 0.1046875
5 0.23828125 0.709375 0.2203125 0.415625
5 0.4046875 0.69765625 0.090625 0.1453125
5 0.35234375 0.95703125 0.025 0.0546875
5 0.34453125 0.6890625 0.021875 0.059375
5 0.38984375 0.60546875 0.0140625 0.040625
5 0.36015625 0.55625 0.0109375 0.0265625
5 0.35390625 0.8859375 0.0515625 0.0703125
5 0.09296875 0.90390625 0.078125 0.09375
5 0.27734375 0.80859375 0.0546875 0.1328125
5 0.3578125 0.59765625 0.009375 0.0203125