5 0.58671875 0.67421875 0.021875 0.0671875
9 0.93046875 0.84375 0.1390625 0.03125
5 0.56171875 0.809375 0.0609375 0.1921875
5 0.6015625 0.97578125 0.0125 0.0296875
5 0.8171875 0.85 0.0453125 0.0765625
5 0.60390625 0.6453125 0.015625 0.028125
5 0.6203125 0.85234375 0.040625 0.2484375
5 0.88828125 0.8890625 0.10625 0.1703125
9 0.5140625 0.9578125 0.071875 0.0546875
5 0.61953125 0.59609375 0.0203125 0.0609375
9 0.721875 0.8765625 0.1890625 0.0390625
5 0.7046875 0.67734375 0.034375 0.046875
9 0.50625 0.89453125 0.0421875 0.0484375
5 0.740625 0.5890625 0.01875 0.01875
5 0.67734375 0.81171875 0.03125 0.103125
9 0.52734375 0.8078125 0.05625 0.034375
5 0.99140625 0.76796875 0.0171875 0.0390625
5 0.91796875 0.73203125 0.0359375 0.0375
5 0.778125 0.61328125 0.0359375 0.0375
5 0.72890625 0.659375 0.034375 0.0578125
5 0.68828125 0.60078125 0.0234375 0.03125
5 0.790625 0.896875 0.065625 0.1640625
5 0.65546875 0.6875 0.0234375 0.0859375
5 0.57265625 0.6734375 0.0234375 0.05
9 0.9359375 0.79296875 0.128125 0.0453125
9 0.58359375 0.95078125 0.071875 0.0390625
5 0.60546875 0.68359375 0.0203125 0.0421875
5 0.71015625 0.7328125 0.028125 0.04375
9 0.95390625 0.90859375 0.0921875 0.0328125