9 0.3796875 0.81953125 0.01953125 0.01875
5 0.46875 0.740625 0.01640625 0.0359375
5 0.3078125 0.68984375 0.01484375 0.02265625
5 0.1234375 0.92265625 0.0328125 0.15
5 0.4109375 0.803125 0.009375 0.03203125
0 0.26796875 0.684375 0.08359375 0.10234375
5 0.3125 0.87265625 0.0359375 0.109375
5 0.08046875 0.79765625 0.0140625 0.02421875
5 0.15 0.825 0.0171875 0.09609375
9 0.428125 0.796875 0.0375 0.01875
5 0.21875 0.9515625 0.0328125 0.08671875
9 0.409375 0.70625 0.09375 0.03046875
5 0.32890625 0.9578125 0.01328125 0.07890625
5 0.27578125 0.77578125 0.01796875 0.03984375