5 0.41015625 0.5765625 0.009375 0.02265625
5 0.4125 0.54921875 0.0046875 0.01640625
5 0.30859375 0.5703125 0.03046875 0.0296875
0 0.059375 0.81328125 0.11875 0.1453125
5 0.35703125 0.7484375 0.0140625 0.01484375
9 0.4359375 0.61953125 0.040625 0.01171875
5 0.3875 0.57890625 0.009375 0.02265625
5 0.43203125 0.7171875 0.0421875 0.10703125
5 0.384375 0.540625 0.00625 0.0109375
5 0.5046875 0.76796875 0.0203125 0.06640625
5 0.428125 0.80625 0.0171875 0.08125
0 0.2078125 0.659375 0.1703125 0.16640625
5 0.47265625 0.9515625 0.0203125 0.08984375
5 0.19609375 0.884375 0.046875 0.07734375
5 0.3546875 0.553125 0.01328125 0.01953125
5 0.4109375 0.62265625 0.01171875 0.0421875