0 0.41171875 0.72890625 0.0640625 0.3
5 0.3453125 0.6234375 0.01875 0.01875
5 0.37421875 0.9109375 0.0375 0.1703125
5 0.334375 0.64765625 0.0140625 0.0265625
5 0.05234375 0.81171875 0.1046875 0.0953125
5 0.453125 0.8765625 0.0171875 0.0765625
5 0.04765625 0.7875 0.0953125 0.084375
5 0.5140625 0.859375 0.1171875 0.28125
5 0.44921875 0.78046875 0.0171875 0.0484375
5 0.12890625 0.8953125 0.1140625 0.19375
5 0.1515625 0.7328125 0.0625 0.06875
5 0.42734375 0.93671875 0.034375 0.11875
9 0.15546875 0.78515625 0.075 0.0390625