5 0.90234375 0.76171875 0.021875 0.0453125
5 0.60546875 0.6953125 0.015625 0.065625
5 0.571875 0.9109375 0.0125 0.05625
5 0.58359375 0.69375 0.025 0.1
5 0.61171875 0.59140625 0.0046875 0.0265625
5 0.615625 0.60546875 0.0125 0.0265625
5 0.54921875 0.96328125 0.021875 0.0578125
5 0.59453125 0.54609375 0.0046875 0.0125
5 0.61328125 0.8671875 0.0296875 0.25625
5 0.59921875 0.525 0.0046875 0.0125
5 0.603125 0.55390625 0.009375 0.0328125
9 0.5890625 0.62109375 0.015625 0.0125
5 0.8546875 0.70703125 0.0109375 0.0234375
5 0.9890625 0.85625 0.021875 0.04375
5 0.5875 0.5765625 0.0140625 0.0375