5 0.35625 0.74140625 0.0125 0.07734375
5 0.70625 0.6828125 0.0421875 0.0375
5 0.60625 0.5921875 0.04765625 0.03671875
5 0.2828125 0.659375 0.02421875 0.0359375
5 0.52578125 0.6203125 0.0140625 0.01875
9 0.5828125 0.6359375 0.0859375 0.00703125
5 0.46015625 0.64296875 0.028125 0.071875
0 0.840625 0.86875 0.31015625 0.25625
8 0.7359375 0.709375 0.02265625 0.025
9 0.17421875 0.7125 0.02890625 0.046875
5 0.346875 0.559375 0.02109375 0.021875
9 0.1375 0.94609375 0.271875 0.10546875
9 0.23203125 0.77734375 0.24296875 0.0453125
5 0.36796875 0.575 0.00625 0.01171875
5 0.33515625 0.94375 0.02734375 0.0375
5 0.61015625 0.6140625 0.01328125 0.02734375
5 0.40703125 0.66015625 0.0078125 0.02734375
5 0.65 0.63203125 0.01953125 0.02265625
5 0.35 0.8421875 0.015625 0.09609375
9 0.40859375 0.9 0.3265625 0.053125
5 0.10234375 0.9125 0.02421875 0.03125
9 0.634375 0.86484375 0.09609375 0.0296875
5 0.18984375 0.65546875 0.05390625 0.0515625
5 0.26328125 0.6453125 0.01015625 0.0296875
5 0.4921875 0.6296875 0.02421875 0.04453125
9 0.4078125 0.5796875 0.04609375 0.01796875
5 0.5453125 0.66875 0.0328125 0.05625
0 0.625 0.7734375 0.115625 0.1484375
5 0.2484375 0.62421875 0.01328125 0.02265625
9 0.246875 0.74140625 0.1140625 0.01796875