5 0.28984375 0.71484375 0.0375 0.0625
5 0.3265625 0.6234375 0.0265625 0.046875
5 0.04375 0.77734375 0.0875 0.1890625
5 0.15546875 0.7234375 0.11875 0.171875
5 0.37265625 0.5734375 0.0140625 0.0171875
5 0.409375 0.91015625 0.0578125 0.159375
5 0.38828125 0.80078125 0.05 0.109375
5 0.36796875 0.54375 0.0171875 0.03125
5 0.38828125 0.5578125 0.0140625 0.0203125
5 0.19140625 0.896875 0.046875 0.10625
5 0.228125 0.6953125 0.2390625 0.4203125
5 0.39375 0.69296875 0.096875 0.1484375
5 0.328125 0.94921875 0.028125 0.0546875
5 0.33515625 0.68046875 0.025 0.0609375
5 0.384375 0.59921875 0.015625 0.040625
5 0.3578125 0.5484375 0.0125 0.0265625
5 0.334375 0.87734375 0.0546875 0.071875
5 0.07265625 0.88203125 0.08125 0.096875
5 0.26171875 0.796875 0.0609375 0.1328125
5 0.353125 0.58984375 0.0109375 0.0203125