5 0.2203125 0.775 0.03125 0.0671875
5 0.2265625 0.578125 0.0359375 0.034375
5 0.353125 0.68828125 0.040625 0.1015625
5 0.41875 0.92421875 0.009375 0.05
5 0.5359375 0.953125 0.0421875 0.0890625
5 0.18515625 0.5953125 0.015625 0.021875
5 0.26875 0.703125 0.021875 0.0640625
9 0.28046875 0.97421875 0.05625 0.0390625
5 0.31015625 0.63984375 0.021875 0.096875
5 0.30546875 0.84375 0.0125 0.053125
5 0.3 0.93359375 0.021875 0.040625
5 0.33046875 0.5984375 0.0375 0.06875
5 0.46328125 0.784375 0.028125 0.053125
5 0.26328125 0.8453125 0.0296875 0.034375
5 0.440625 0.86796875 0.021875 0.0609375
5 0.490625 0.775 0.03125 0.053125
5 0.43828125 0.70078125 0.0171875 0.053125
5 0.1890625 0.58125 0.0125 0.0140625
5 0.23046875 0.84453125 0.021875 0.025
8 0.428125 0.97265625 0.0421875 0.04375