5 0.44140625 0.6828125 0.01953125 0.03359375
5 0.54765625 0.97421875 0.03984375 0.03671875
5 0.28359375 0.675 0.09296875 0.14453125
5 0.02734375 0.90234375 0.04921875 0.0234375
5 0.459375 0.69375 0.01171875 0.01484375
5 0.41875 0.621875 0.01484375 0.040625
0 0.165625 0.87421875 0.25546875 0.25078125
5 0.2453125 0.67734375 0.1046875 0.1453125
5 0.496875 0.91640625 0.04765625 0.16171875
5 0.040625 0.73359375 0.07890625 0.0625
0 0.39375 0.7515625 0.04609375 0.12109375
5 0.33515625 0.559375 0.01171875 0.0796875
5 0.1453125 0.7203125 0.0953125 0.06328125
5 0.08125 0.73984375 0.06953125 0.05
5 0.378125 0.59609375 0.0140625 0.02734375