5 0.3078125 0.58359375 0.01875 0.021875
5 0.371875 0.55390625 0.00625 0.0140625
9 0.32734375 0.78203125 0.25703125 0.06796875
5 0.0953125 0.7546875 0.1828125 0.15546875
9 0.396875 0.603125 0.0640625 0.02734375
5 0.0609375 0.9125 0.1203125 0.1421875
5 0.471875 0.86875 0.046875 0.09765625
5 0.165625 0.77578125 0.05703125 0.06875
5 0.240625 0.64296875 0.1109375 0.1109375
5 0.03203125 0.9890625 0.02265625 0.021875
9 0.34140625 0.8375 0.28671875 0.04140625
5 0.35078125 0.53984375 0.0046875 0.0078125
5 0.42578125 0.63828125 0.015625 0.05078125
9 0.09921875 0.8421875 0.19765625 0.0796875