5 0.2234375 0.6375 0.0640625 0.10234375
5 0.1859375 0.7609375 0.046875 0.05703125
5 0.36953125 0.67578125 0.01484375 0.034375
5 0.1609375 0.721875 0.04453125 0.04609375
5 0.1859375 0.88984375 0.02109375 0.0453125
5 0.28671875 0.5453125 0.00859375 0.02734375
5 0.2546875 0.7078125 0.00546875 0.01953125
5 0.0515625 0.88359375 0.1015625 0.125
5 0.1546875 0.85390625 0.0171875 0.040625
5 0.1859375 0.809375 0.034375 0.06640625
5 0.24296875 0.91640625 0.02109375 0.1625
9 0.1078125 0.70703125 0.1625 0.03203125
5 0.090625 0.85390625 0.046875 0.06796875
5 0.33359375 0.65703125 0.02265625 0.0734375
9 0.25390625 0.69375 0.13046875 0.009375
5 0.1171875 0.80078125 0.03203125 0.040625
5 0.1359375 0.7625 0.0125 0.0328125
5 0.32109375 0.8453125 0.0296875 0.30078125
5 0.27421875 0.59609375 0.02421875 0.075
5 0.228125 0.7140625 0.0140625 0.03125
5 0.09765625 0.93515625 0.0765625 0.12421875
5 0.24765625 0.56953125 0.021875 0.02890625
0 0.24921875 0.66328125 0.02890625 0.0578125