5 0.3609375 0.64609375 0.05 0.06875
5 0.18359375 0.79921875 0.0828125 0.0734375
5 0.415625 0.70546875 0.0109375 0.0171875
5 0.08515625 0.89375 0.040625 0.034375
5 0.4390625 0.93828125 0.071875 0.1234375
5 0.3015625 0.63671875 0.0671875 0.0609375
5 0.43125 0.6609375 0.0421875 0.1328125
5 0.25078125 0.70234375 0.046875 0.0421875
5 0.25078125 0.99296875 0.0359375 0.0140625
5 0.61015625 0.8671875 0.1078125 0.234375
5 0.375 0.971875 0.034375 0.05625
5 0.3140625 0.815625 0.146875 0.196875
5 0.41015625 0.575 0.0125 0.021875