5 0.8078125 0.75234375 0.0203125 0.040625
5 0.62109375 0.80078125 0.090625 0.371875
5 0.83671875 0.6171875 0.0734375 0.065625
9 0.809375 0.82265625 0.353125 0.0859375
9 0.56640625 0.8640625 0.1421875 0.05
5 0.59375 0.5359375 0.0125 0.0140625
5 0.75625 0.6734375 0.078125 0.10625
5 0.628125 0.5875 0.0171875 0.0484375
5 0.7484375 0.56796875 0.10625 0.0765625
5 0.58828125 0.56171875 0.0125 0.0203125
5 0.59296875 0.5921875 0.0140625 0.01875
5 0.9203125 0.69765625 0.05 0.05
5 0.60859375 0.540625 0.009375 0.0328125