5 0.27265625 0.56796875 0.05 0.046875
5 0.23359375 0.5921875 0.053125 0.040625
5 0.37109375 0.6140625 0.0296875 0.05625
5 0.16015625 0.63203125 0.09375 0.09375
5 0.1890625 0.73828125 0.2078125 0.3140625
5 0.27109375 0.59609375 0.009375 0.015625
5 0.4015625 0.5375 0.0109375 0.0140625
5 0.3421875 0.56015625 0.0203125 0.021875
5 0.40703125 0.59609375 0.009375 0.015625
5 0.39609375 0.55859375 0.0125 0.0203125
5 0.31640625 0.54140625 0.0390625 0.0375
5 0.32890625 0.5203125 0.0421875 0.025
8 0.440625 0.6484375 0.025 0.0296875
5 0.25703125 0.5484375 0.0203125 0.0203125
5 0.3203125 0.575 0.00625 0.0125
5 0.3671875 0.534375 0.009375 0.0109375