0 0.6234375 0.7125 0.109375 0.3046875
5 0.671875 0.59765625 0.0203125 0.021875
5 0.6890625 0.88671875 0.0640625 0.1734375
5 0.68671875 0.6203125 0.01875 0.028125
5 0.96640625 0.73828125 0.0671875 0.1109375
5 0.60546875 0.86484375 0.0296875 0.078125
5 0.96796875 0.71171875 0.0640625 0.0984375
5 0.54140625 0.8546875 0.1578125 0.290625
5 0.59453125 0.76875 0.025 0.05
5 0.928125 0.83203125 0.1421875 0.2078125
5 0.88046875 0.67578125 0.071875 0.0765625
5 0.63984375 0.9203125 0.0515625 0.121875
9 0.88515625 0.728125 0.08125 0.05