5 0.4234375 0.60390625 0.0109375 0.021875
9 0.30703125 0.58828125 0.0640625 0.01875
5 0.225 0.75703125 0.10625 0.15625
5 0.5328125 0.91015625 0.046875 0.090625
5 0.453125 0.74921875 0.0328125 0.1171875
5 0.34453125 0.57890625 0.015625 0.021875
5 0.4953125 0.8328125 0.03125 0.1109375
5 0.29765625 0.64921875 0.0328125 0.0515625
5 0.3625 0.6328125 0.0265625 0.046875
9 0.37578125 0.59453125 0.053125 0.0109375
5 0.096875 0.78515625 0.19375 0.1953125
9 0.2078125 0.68046875 0.1375 0.025
9 0.37265625 0.69296875 0.1046875 0.03125
5 0.428125 0.64921875 0.0125 0.0296875
5 0.40390625 0.5875 0.0078125 0.034375