9 0.33125 0.796875 0.021875 0.021875
5 0.43125 0.7328125 0.021875 0.0375
5 0.28046875 0.6578125 0.01875 0.025
5 0.06171875 0.85859375 0.05625 0.153125
5 0.36484375 0.78515625 0.0140625 0.0328125
0 0.2421875 0.64609375 0.0984375 0.1140625
5 0.25625 0.8390625 0.053125 0.1140625
5 0.0390625 0.728125 0.0171875 0.0265625
5 0.103125 0.76640625 0.03125 0.096875
9 0.3828125 0.78203125 0.040625 0.025
5 0.1515625 0.90234375 0.0453125 0.090625
9 0.378125 0.68984375 0.096875 0.0453125
5 0.259375 0.92578125 0.025 0.0796875
5 0.23515625 0.7375 0.0234375 0.0421875