5 0.44296875 0.5953125 0.0359375 0.14375
5 0.30625 0.6421875 0.0453125 0.040625
8 0.33984375 0.62421875 0.0109375 0.009375
5 0.45546875 0.83984375 0.0359375 0.165625
9 0.3140625 0.70703125 0.03125 0.0171875
5 0.54609375 0.921875 0.053125 0.146875
5 0.34765625 0.58984375 0.0625 0.0625
0 0.15390625 0.7828125 0.1 0.0609375
5 0.2453125 0.790625 0.0296875 0.0515625
8 0.33671875 0.61953125 0.00625 0.00625
5 0.36640625 0.653125 0.0359375 0.0625
5 0.36484375 0.60234375 0.0296875 0.0375
9 0.1484375 0.8828125 0.09375 0.0453125
5 0.30078125 0.828125 0.0453125 0.0875
9 0.25390625 0.825 0.05625 0.015625
5 0.21484375 0.82890625 0.0484375 0.05
5 0.54765625 0.85078125 0.028125 0.0578125
5 0.47578125 0.70546875 0.0328125 0.08125
5 0.25078125 0.9734375 0.0390625 0.053125
5 0.51328125 0.81328125 0.021875 0.040625
5 0.07890625 0.84140625 0.065625 0.0484375
9 0.228125 0.85859375 0.078125 0.028125