5 0.41015625 0.67265625 0.0234375 0.0671875
9 0.065625 0.8359375 0.13125 0.034375
5 0.4328125 0.80859375 0.0640625 0.19375
5 0.390625 0.97421875 0.0125 0.0296875
5 0.1765625 0.84453125 0.0453125 0.0765625
5 0.39296875 0.64375 0.015625 0.028125
5 0.3734375 0.85078125 0.04375 0.2484375
5 0.1046875 0.88203125 0.109375 0.171875
9 0.478125 0.9578125 0.071875 0.05625
5 0.37890625 0.59375 0.0203125 0.0609375
9 0.27109375 0.87265625 0.190625 0.0421875
5 0.2921875 0.67421875 0.034375 0.0484375
9 0.48671875 0.89375 0.04375 0.0484375
5 0.2578125 0.584375 0.01875 0.01875
5 0.3171875 0.80859375 0.0328125 0.1046875
9 0.46796875 0.80703125 0.05625 0.034375
5 0.00625 0.76015625 0.0125 0.0390625
5 0.078125 0.725 0.0359375 0.0375
5 0.2203125 0.6078125 0.0359375 0.0390625
5 0.26875 0.65546875 0.0359375 0.0578125
5 0.31015625 0.596875 0.0234375 0.03125
5 0.20234375 0.8921875 0.0671875 0.165625
5 0.34140625 0.684375 0.025 0.0859375
5 0.42421875 0.671875 0.0234375 0.05
9 0.06171875 0.78515625 0.1234375 0.0484375
9 0.40859375 0.94921875 0.0734375 0.0390625
5 0.39140625 0.68203125 0.021875 0.0421875
5 0.28515625 0.72890625 0.0296875 0.04375
9 0.0421875 0.90078125 0.084375 0.0359375