9 0.02109375 0.8734375 0.04140625 0.02890625
9 0.22421875 0.6078125 0.071875 0.00546875
9 0.36328125 0.7828125 0.05703125 0.01953125
5 0.34609375 0.6671875 0.009375 0.0125
9 0.31171875 0.6359375 0.0765625 0.0140625
5 0.3734375 0.8875 0.0609375 0.21171875
9 0.0765625 0.6875 0.028125 0.01171875
9 0.3046875 0.5984375 0.0375 0.0078125
9 0.2421875 0.92109375 0.1875 0.0375
5 0.34765625 0.53359375 0.003125 0.01953125
5 0.04296875 0.7015625 0.0859375 0.08125
5 0.3234375 0.60625 0.00390625 0.02578125
5 0.16953125 0.5953125 0.0640625 0.04375
5 0.384375 0.63671875 0.05078125 0.1171875
5 0.353125 0.56953125 0.00703125 0.034375
9 0.14453125 0.6765625 0.07109375 0.01171875