5 0.68203125 0.7953125 0.028125 0.121875
5 0.71953125 0.6859375 0.0125 0.065625
5 0.58671875 0.57734375 0.0234375 0.05
5 0.8953125 0.75546875 0.053125 0.0375
5 0.5828125 0.71484375 0.0078125 0.0328125
9 0.61796875 0.73515625 0.115625 0.0203125
5 0.78984375 0.66171875 0.04375 0.0421875
5 0.74453125 0.93515625 0.1328125 0.1296875
5 0.5625 0.76796875 0.015625 0.059375
5 0.96953125 0.821875 0.0390625 0.0484375
5 0.55859375 0.97578125 0.0328125 0.04375
5 0.78828125 0.765625 0.028125 0.0421875
9 0.9375 0.78203125 0.0640625 0.0234375
9 0.70546875 0.87109375 0.5515625 0.0828125