5 0.42265625 0.5765625 0.00859375 0.0171875
5 0.409375 0.590625 0.0046875 0.0140625
5 0.4171875 0.7046875 0.01328125 0.02578125
5 0.41875 0.62578125 0.02734375 0.034375
5 0.371875 0.75390625 0.03125 0.07734375
9 0.43984375 0.65 0.05546875 0.01484375
5 0.42890625 0.55390625 0.009375 0.034375
5 0.38671875 0.6859375 0.01015625 0.03359375
5 0.4578125 0.88984375 0.09609375 0.21328125
9 0.40078125 0.69765625 0.01875 0.01015625
5 0.42109375 0.60625 0.009375 0.02265625
5 0.3515625 0.87734375 0.12109375 0.234375
5 0.41484375 0.67109375 0.02265625 0.025
9 0.34375 0.64609375 0.13203125 0.02265625
5 0.56171875 0.8734375 0.040625 0.1171875
5 0.45546875 0.7421875 0.0234375 0.05703125
5 0.43828125 0.684375 0.03203125 0.046875
5 0.42890625 0.8125 0.02890625 0.17109375