5 0.82578125 0.79765625 0.084375 0.1484375
9 0.5953125 0.8609375 0.0921875 0.06875
5 0.85625 0.6515625 0.059375 0.0484375
5 0.58359375 0.6765625 0.01875 0.0421875
9 0.825 0.65859375 0.0765625 0.034375
9 0.665625 0.56328125 0.0203125 0.0109375
5 0.63203125 0.60859375 0.01875 0.0296875
9 0.58671875 0.7125 0.0625 0.0390625
9 0.665625 0.65859375 0.1375 0.0671875
9 0.596875 0.5984375 0.034375 0.0234375
5 0.553125 0.9390625 0.0484375 0.1078125
5 0.68359375 0.86875 0.0609375 0.2078125
5 0.76640625 0.7046875 0.0671875 0.0890625
5 0.621875 0.78125 0.05625 0.10625
9 0.68671875 0.74296875 0.065625 0.025
9 0.88515625 0.709375 0.175 0.0984375
9 0.75546875 0.6171875 0.2296875 0.0671875
9 0.78359375 0.64296875 0.10625 0.0296875