5 0.4203125 0.5734375 0.009375 0.0171875
5 0.40625 0.5875 0.0046875 0.0140625
5 0.41015625 0.7015625 0.0140625 0.0265625
5 0.4140625 0.62265625 0.028125 0.0359375
5 0.36328125 0.74921875 0.034375 0.078125
9 0.434375 0.64765625 0.05625 0.0171875
5 0.42734375 0.5515625 0.0109375 0.034375
5 0.38046875 0.68203125 0.0109375 0.034375
5 0.44453125 0.88828125 0.103125 0.2171875
9 0.39375 0.69375 0.01875 0.0109375
5 0.4171875 0.603125 0.0109375 0.0234375
5 0.33828125 0.871875 0.1296875 0.2390625
5 0.40859375 0.66796875 0.0234375 0.025
9 0.3390625 0.640625 0.1328125 0.0265625
5 0.5484375 0.875 0.0453125 0.11875
5 0.446875 0.740625 0.025 0.0578125
5 0.43203125 0.68203125 0.034375 0.0484375
5 0.41796875 0.81015625 0.034375 0.171875