5 0.42578125 0.6796875 0.0171875 0.065625
9 0.08203125 0.8734375 0.1609375 0.0203125
5 0.46015625 0.81328125 0.04765625 0.18984375
5 0.43203125 0.98203125 0.01015625 0.02890625
5 0.2078125 0.87109375 0.03984375 0.0734375
5 0.40625 0.65234375 0.01328125 0.02734375
5 0.4046875 0.86015625 0.02265625 0.24765625
5 0.13984375 0.91484375 0.0953125 0.1640625
9 0.51796875 0.9578125 0.06796875 0.05
5 0.3875 0.60390625 0.015625 0.06015625
9 0.3046875 0.89140625 0.18828125 0.0265625
5 0.3078125 0.69140625 0.03125 0.0453125
9 0.52109375 0.89375 0.03984375 0.0453125
5 0.26640625 0.60546875 0.0171875 0.01796875
5 0.34453125 0.8234375 0.02421875 0.10234375
9 0.49453125 0.80859375 0.05390625 0.03046875
5 0.0203125 0.803125 0.03125 0.03671875
5 0.09921875 0.7609375 0.0328125 0.03515625
5 0.23046875 0.63203125 0.03359375 0.0359375
5 0.2828125 0.675 0.03046875 0.05546875
5 0.31953125 0.61328125 0.02109375 0.0296875
5 0.2375 0.91640625 0.05390625 0.1609375
5 0.3578125 0.69765625 0.0171875 0.08515625
5 0.43984375 0.678125 0.01953125 0.0484375
9 0.075 0.8234375 0.1484375 0.03515625
9 0.4484375 0.95546875 0.0703125 0.03359375
5 0.4078125 0.690625 0.01796875 0.040625
5 0.30625 0.746875 0.02578125 0.04140625
9 0.06015625 0.940625 0.1203125 0.025