9 0.378125 0.67890625 0.16484375 0.02421875
5 0.1609375 0.6859375 0.0375 0.03984375
5 0.31171875 0.54765625 0.01015625 0.0703125
5 0.38984375 0.67578125 0.0203125 0.08125
0 0.32421875 0.546875 0.0140625 0.05625
0 0.296875 0.63828125 0.05546875 0.10859375
5 0.21015625 0.62109375 0.0703125 0.08203125
5 0.4796875 0.7296875 0.0328125 0.0796875
0 0.37734375 0.59921875 0.0328125 0.075
5 0.27265625 0.54296875 0.00625 0.025
5 0.4078125 0.80234375 0.04921875 0.17734375
5 0.08125 0.81171875 0.1578125 0.18984375
5 0.1390625 0.6875 0.03828125 0.04375
0 0.35625 0.54453125 0.02109375 0.02890625