5 0.33046875 0.61015625 0.00546875 0.028125
5 0.36796875 0.9765625 0.02890625 0.0359375
5 0.371875 0.7296875 0.0328125 0.10625
9 0.14453125 0.70390625 0.12109375 0.025
5 0.1765625 0.89609375 0.10234375 0.20234375
5 0.3484375 0.80546875 0.02421875 0.0640625
5 0.0671875 0.77734375 0.13203125 0.08828125
5 0.428125 0.91171875 0.046875 0.11015625
5 0.346875 0.61484375 0.025 0.02109375
5 0.13359375 0.80703125 0.0578125 0.0609375
5 0.2578125 0.5921875 0.0078125 0.00703125
5 0.38828125 0.67421875 0.01875 0.05234375
0 0.05078125 0.8859375 0.1015625 0.13046875
5 0.32265625 0.6625 0.02265625 0.06796875
5 0.34453125 0.6375 0.0046875 0.0078125
5 0.1734375 0.7453125 0.040625 0.05
5 0.2234375 0.6640625 0.03203125 0.0578125
5 0.1375 0.67578125 0.03671875 0.03203125