5 0.53359375 0.6875 0.0515625 0.121875
9 0.59296875 0.640625 0.1484375 0.0421875
9 0.42265625 0.784375 0.0421875 0.0265625
5 0.54921875 0.56796875 0.0171875 0.0390625
5 0.43203125 0.88828125 0.09375 0.215625
5 0.66484375 0.74609375 0.06875 0.090625
9 0.584375 0.6203125 0.040625 0.0421875
5 0.68359375 0.628125 0.034375 0.03125
5 0.6 0.76640625 0.0875 0.08125
5 0.70078125 0.65703125 0.015625 0.0140625
5 0.49140625 0.77578125 0.0453125 0.121875
5 0.65625 0.6390625 0.03125 0.03125
9 0.6796875 0.68515625 0.05 0.0546875
5 0.63515625 0.67421875 0.0296875 0.0390625
5 0.56953125 0.61484375 0.00625 0.0109375
5 0.58359375 0.59453125 0.01875 0.0265625
5 0.57109375 0.68359375 0.0484375 0.090625
5 0.5421875 0.6171875 0.01875 0.0234375
9 0.60546875 0.653125 0.025 0.01875
5 0.71796875 0.89375 0.1234375 0.171875