5 0.590625 0.62890625 0.015625 0.0375
5 0.63203125 0.56875 0.009375 0.01875
5 0.709375 0.921875 0.0421875 0.09375
5 0.86328125 0.7625 0.2734375 0.375
5 0.59140625 0.5546875 0.0109375 0.0234375
5 0.66640625 0.821875 0.084375 0.303125
5 0.625 0.84453125 0.0421875 0.1203125
5 0.6265625 0.609375 0.0390625 0.0671875
5 0.59765625 0.6015625 0.028125 0.0640625
5 0.6671875 0.65078125 0.0609375 0.1734375
5 0.6 0.6890625 0.025 0.046875
5 0.58671875 0.76015625 0.0296875 0.0984375
5 0.70546875 0.7609375 0.0953125 0.225
5 0.87109375 0.68359375 0.034375 0.0390625
5 0.7828125 0.60546875 0.1765625 0.1625