5 0.4703125 0.8078125 0.01171875 0.08515625
5 0.015625 0.89296875 0.03125 0.028125
5 0.42734375 0.9109375 0.02109375 0.1734375
5 0.45390625 0.9140625 0.01953125 0.09765625
5 0.4046875 0.8265625 0.0234375 0.0640625
0 0.41171875 0.6125 0.040625 0.11953125
5 0.34609375 0.69453125 0.0921875 0.08515625
5 0.096875 0.82109375 0.12578125 0.1328125
5 0.40703125 0.74375 0.0421875 0.10625
5 0.1125 0.95 0.0609375 0.09765625
5 0.25546875 0.86484375 0.09375 0.259375
5 0.42578125 0.7328125 0.02890625 0.12265625