5 0.24609375 0.98359375 0.009375 0.0265625
5 0.0828125 0.7625 0.1234375 0.1078125
5 0.309375 0.77890625 0.1 0.1859375
5 0.290625 0.92578125 0.05703125 0.1125
5 0.3671875 0.62265625 0.053125 0.0734375
5 0.51328125 0.7359375 0.04921875 0.0734375
5 0.33203125 0.56484375 0.02421875 0.02734375
5 0.42265625 0.58515625 0.01015625 0.0203125
9 0.44921875 0.61875 0.028125 0.01484375
5 0.1671875 0.7421875 0.0234375 0.03515625
5 0.2875 0.6109375 0.0640625 0.06796875
5 0.36953125 0.57265625 0.01796875 0.02890625
5 0.328125 0.61640625 0.021875 0.0421875
9 0.375 0.67578125 0.059375 0.03828125
5 0.2625 0.65390625 0.08125 0.05625
9 0.3984375 0.63515625 0.065625 0.025
5 0.40625 0.846875 0.0359375 0.30234375
5 0.159375 0.93046875 0.07890625 0.134375
5 0.19921875 0.703125 0.046875 0.0421875
5 0.215625 0.81875 0.0421875 0.06796875
9 0.2171875 0.74453125 0.071875 0.04296875
5 0.41171875 0.60859375 0.0125 0.0265625
5 0.4609375 0.821875 0.07265625 0.35
9 0.20390625 0.6890625 0.275 0.07421875
5 0.4328125 0.6125 0.00703125 0.0328125
5 0.3984375 0.58515625 0.01171875 0.009375