5 0.246875 0.88359375 0.0609375 0.078125
5 0.16484375 0.93515625 0.1671875 0.1296875
0 0.5015625 0.74375 0.196875 0.2796875
5 0.42578125 0.62578125 0.025 0.046875
9 0.32265625 0.81796875 0.090625 0.040625
5 0.65390625 0.821875 0.04375 0.0640625
5 0.27109375 0.74921875 0.0109375 0.015625
5 0.46015625 0.60078125 0.0234375 0.0328125
9 0.284375 0.825 0.0828125 0.0515625
5 0.41015625 0.78046875 0.0421875 0.0625
9 0.35078125 0.76015625 0.1171875 0.0609375
9 0.2875 0.7546875 0.2859375 0.1140625
5 0.5109375 0.615625 0.0109375 0.0203125
9 0.3671875 0.70234375 0.096875 0.04375
9 0.23671875 0.74765625 0.0796875 0.0265625
5 0.67734375 0.90078125 0.0828125 0.1390625
5 0.26484375 0.78203125 0.075 0.065625