0 0.415625 0.73046875 0.05859375 0.29921875
5 0.34765625 0.62578125 0.01796875 0.01875
5 0.38125 0.91328125 0.03515625 0.16953125
5 0.33671875 0.65078125 0.0140625 0.02578125
5 0.05546875 0.8203125 0.1078125 0.09296875
5 0.459375 0.87734375 0.01640625 0.07578125
5 0.05078125 0.7953125 0.10078125 0.0828125
5 0.5203125 0.859375 0.11171875 0.2796875
5 0.45390625 0.78125 0.01640625 0.0484375
5 0.1359375 0.9015625 0.1109375 0.19140625
5 0.15546875 0.7390625 0.06171875 0.0671875
5 0.43515625 0.93828125 0.03203125 0.11875
9 0.16015625 0.79140625 0.075 0.03828125