9 0.23828125 0.87421875 0.0625 0.025
5 0.42421875 0.64296875 0.08125 0.21328125
0 0.396875 0.90234375 0.0625 0.1921875
5 0.04375 0.8609375 0.0140625 0.01328125
5 0.40625 0.784375 0.02578125 0.0375
5 0.25078125 0.9375 0.06328125 0.11328125
5 0.31171875 0.6921875 0.0203125 0.046875
8 0.390625 0.8765625 0.03046875 0.0328125
5 0.509375 0.86328125 0.08828125 0.2421875
5 0.22265625 0.66171875 0.03984375 0.04296875
9 0.02421875 0.85 0.0484375 0.00625
5 0.2 0.88515625 0.08359375 0.18046875
5 0.32734375 0.65625 0.00390625 0.01171875
5 0.33203125 0.6640625 0.00390625 0.0140625