5 0.7546875 0.64140625 0.046875 0.028125
0 0.5828125 0.56484375 0.0265625 0.0421875
5 0.85078125 0.8984375 0.09375 0.165625
5 0.86640625 0.971875 0.0453125 0.05625
5 0.76875 0.68671875 0.0375 0.0390625
5 0.69609375 0.6125 0.0765625 0.0671875
5 0.6921875 0.590625 0.0078125 0.015625
5 0.796875 0.675 0.0703125 0.040625
5 0.896875 0.76875 0.175 0.1328125
5 0.7890625 0.75546875 0.1 0.134375
5 0.81015625 0.87734375 0.0234375 0.05
5 0.91015625 0.8328125 0.14375 0.128125
5 0.534375 0.8171875 0.11875 0.2828125
5 0.73203125 0.61796875 0.046875 0.034375
5 0.73203125 0.86875 0.1546875 0.2625