5 0.43515625 0.58359375 0.009375 0.0578125
5 0.45546875 0.5953125 0.02578125 0.09921875
5 0.371875 0.5984375 0.00625 0.0171875
5 0.071875 0.78203125 0.14375 0.12265625
5 0.42734375 0.8203125 0.0265625 0.20859375
5 0.284375 0.6 0.0234375 0.01796875
5 0.5375 0.81875 0.14140625 0.3546875
5 0.45703125 0.89453125 0.02421875 0.20625
9 0.3875 0.625 0.0328125 0.00703125
5 0.24140625 0.90859375 0.053125 0.1796875
5 0.30390625 0.72578125 0.10703125 0.21171875
5 0.52109375 0.71953125 0.02578125 0.0609375
5 0.26484375 0.7 0.06953125 0.10234375
5 0.33828125 0.5625 0.03125 0.02265625
5 0.43828125 0.69921875 0.0609375 0.153125
5 0.3671875 0.61640625 0.0109375 0.0265625
5 0.1703125 0.8765625 0.15078125 0.24453125