9 0.890625 0.96484375 0.046875 0.0375
9 0.74765625 0.6625 0.071875 0.0203125
9 0.575 0.8046875 0.059375 0.03125
5 0.615625 0.6953125 0.0125 0.0140625
9 0.65625 0.671875 0.078125 0.0296875
5 0.5421875 0.89765625 0.103125 0.2046875
9 0.875 0.77109375 0.0296875 0.0171875
9 0.6703125 0.63671875 0.0390625 0.015625
9 0.6640625 0.9640625 0.190625 0.071875
5 0.6421875 0.56484375 0.0078125 0.0203125
5 0.90546875 0.7921875 0.1015625 0.096875
5 0.65078125 0.640625 0.009375 0.0265625
5 0.803125 0.66171875 0.071875 0.05625
5 0.584375 0.6578125 0.0734375 0.125
5 0.62890625 0.5984375 0.0140625 0.034375
9 0.8109375 0.746875 0.071875 0.0265625