5 0.2921875 0.846875 0.115625 0.2625
5 0.35859375 0.7125 0.0125 0.04375
5 0.03125 0.75234375 0.0625 0.0765625
5 0.1796875 0.671875 0.025 0.028125
5 0.38515625 0.55625 0.040625 0.0484375
5 0.37734375 0.75703125 0.0203125 0.1140625
5 0.4203125 0.5984375 0.0390625 0.0359375
5 0.33515625 0.6078125 0.021875 0.053125
5 0.41015625 0.6625 0.046875 0.109375
5 0.40234375 0.90078125 0.0859375 0.1828125
9 0.35234375 0.6640625 0.078125 0.015625
9 0.209375 0.684375 0.1328125 0.021875
5 0.40546875 0.54765625 0.0234375 0.0171875
5 0.08984375 0.7265625 0.1078125 0.1125
5 0.3234375 0.56640625 0.0203125 0.03125
9 0.24453125 0.66796875 0.10625 0.025