5 0.6515625 0.6296875 0.03125 0.03125
0 0.54296875 0.60625 0.034375 0.0390625
0 0.50625 0.81640625 0.178125 0.3671875
9 0.66171875 0.97265625 0.0484375 0.04375
9 0.6625 0.896875 0.0421875 0.028125
9 0.6 0.64375 0.184375 0.053125
5 0.7234375 0.72421875 0.1046875 0.103125
5 0.6515625 0.81015625 0.09375 0.14375
5 0.40859375 0.84375 0.0625 0.146875
5 0.6234375 0.590625 0.0671875 0.0390625
5 0.703125 0.6609375 0.0296875 0.0203125
5 0.58203125 0.6234375 0.0109375 0.0171875
5 0.828125 0.9875 0.140625 0.025
5 0.72421875 0.91875 0.134375 0.140625
5 0.77109375 0.7453125 0.1265625 0.1140625
5 0.5859375 0.575 0.0421875 0.0375
5 0.8390625 0.8875 0.2140625 0.2015625