5 0.2984375 0.55625 0.021875 0.025
5 0.365625 0.5359375 0.0078125 0.0140625
9 0.28984375 0.75546875 0.2640625 0.103125
5 0.0828125 0.69609375 0.165625 0.1796875
9 0.38359375 0.5875 0.0671875 0.0359375
5 0.03828125 0.84765625 0.0765625 0.1578125
5 0.42109375 0.8609375 0.059375 0.103125
5 0.13046875 0.7265625 0.065625 0.0765625
5 0.2234375 0.60546875 0.125 0.125
9 0.29609375 0.8125 0.2890625 0.08125
5 0.346875 0.51875 0.00625 0.0078125
5 0.40703125 0.6265625 0.021875 0.053125
9 0.07890625 0.7828125 0.1578125 0.10625