5 0.30390625 0.60546875 0.02265625 0.021875
5 0.1640625 0.9265625 0.075 0.1359375
9 0.36640625 0.58828125 0.17421875 0.0109375
9 0.278125 0.85859375 0.55234375 0.03984375
5 0.41875 0.54765625 0.0125 0.0265625
5 0.43828125 0.7390625 0.0046875 0.0234375
5 0.43046875 0.56328125 0.00234375 0.00625
5 0.325 0.6640625 0.03125 0.0453125
5 0.36953125 0.5515625 0.02578125 0.0109375
5 0.36171875 0.60390625 0.01796875 0.01484375
9 0.19921875 0.69296875 0.09765625 0.01640625
8 0.2625 0.7765625 0.021875 0.0234375
5 0.43125 0.5890625 0.015625 0.0453125
5 0.4296875 0.55625 0.015625 0.01484375
5 0.4203125 0.69765625 0.0171875 0.0515625
5 0.3328125 0.5859375 0.0328125 0.0140625
5 0.428125 0.64765625 0.02109375 0.040625
5 0.15859375 0.7140625 0.025 0.03359375
5 0.19375 0.67578125 0.03671875 0.03046875