5 0.31875 0.8765625 0.0171875 0.0578125
5 0.346875 0.74140625 0.025 0.1390625
5 0.31015625 0.9640625 0.015625 0.040625
5 0.2734375 0.65859375 0.021875 0.034375
5 0.3640625 0.6671875 0.0296875 0.0375
0 0.3796875 0.59296875 0.034375 0.1234375
5 0.37734375 0.878125 0.053125 0.2234375
5 0.30859375 0.78203125 0.0140625 0.053125
5 0.16640625 0.6390625 0.1453125 0.13125
5 0.04453125 0.7296875 0.0890625 0.090625
5 0.41015625 0.96796875 0.01875 0.0484375
5 0.34765625 0.85390625 0.0328125 0.0625
5 0.2734375 0.55546875 0.065625 0.0578125
5 0.0765625 0.865625 0.034375 0.046875
5 0.13515625 0.76953125 0.040625 0.034375
5 0.39140625 0.67890625 0.0140625 0.0578125