5 0.44453125 0.5984375 0.0125 0.0359375
5 0.39609375 0.6609375 0.00546875 0.02734375
5 0.2265625 0.68046875 0.12734375 0.1359375
5 0.43984375 0.70078125 0.00625 0.021875
5 0.52421875 0.75859375 0.04375 0.07109375
5 0.41953125 0.60703125 0.01640625 0.08046875
5 0.41953125 0.68046875 0.03203125 0.11015625
5 0.4171875 0.76875 0.0359375 0.125
5 0.39140625 0.9359375 0.01640625 0.121875
5 0.58671875 0.86015625 0.08515625 0.1328125
5 0.5046875 0.7734375 0.04921875 0.10390625
5 0.46875 0.66875 0.04453125 0.10078125
5 0.45625 0.90078125 0.04453125 0.13984375
0 0.2609375 0.74921875 0.1828125 0.3078125
5 0.5796875 0.91328125 0.10234375 0.17265625
5 0.38515625 0.5484375 0.0078125 0.0125
5 0.4265625 0.89453125 0.06015625 0.20234375
5 0.08125 0.828125 0.1625 0.16640625