5 0.834375 0.93203125 0.0140625 0.028125
5 0.94296875 0.6859375 0.1140625 0.128125
5 0.7359375 0.74140625 0.13125 0.2
5 0.78046875 0.8828125 0.075 0.1203125
5 0.65234375 0.59765625 0.065625 0.08125
5 0.528125 0.734375 0.0609375 0.08125
5 0.6765625 0.534375 0.028125 0.03125
5 0.590625 0.5703125 0.0140625 0.021875
9 0.5703125 0.6078125 0.0296875 0.01875
5 0.86953125 0.68046875 0.0296875 0.0390625
5 0.72890625 0.57265625 0.075 0.078125
5 0.64140625 0.54921875 0.0234375 0.03125
5 0.68984375 0.58515625 0.028125 0.0453125
9 0.65390625 0.6515625 0.065625 0.0484375
5 0.7609375 0.61015625 0.0890625 0.06875
9 0.6234375 0.615625 0.06875 0.0359375
5 0.65234375 0.825 0.0875 0.3046875
5 0.91015625 0.86484375 0.1015625 0.1453125
5 0.83125 0.64765625 0.053125 0.05
5 0.83515625 0.76484375 0.053125 0.075
9 0.82109375 0.69140625 0.078125 0.0546875
5 0.60546875 0.59140625 0.0171875 0.028125
5 0.59453125 0.81015625 0.1328125 0.3578125
9 0.82421875 0.63515625 0.284375 0.1203125
5 0.5859375 0.59921875 0.0125 0.0328125
5 0.61484375 0.56640625 0.0125 0.0109375