5 0.0359375 0.87890625 0.06328125 0.06875
9 0.35390625 0.615625 0.028125 0.0078125
5 0.21875 0.66640625 0.07578125 0.078125
5 0.38203125 0.58046875 0.015625 0.0546875
5 0.40546875 0.83203125 0.0109375 0.04296875
9 0.39375 0.66640625 0.034375 0.0125
9 0.34140625 0.6390625 0.05546875 0.0125
9 0.16484375 0.7515625 0.15234375 0.06015625
9 0.36171875 0.72578125 0.10234375 0.03125
5 0.371875 0.66015625 0.009375 0.0171875
5 0.35625 0.54921875 0.01796875 0.03125
5 0.26875 0.621875 0.01171875 0.0265625
9 0.3078125 0.69765625 0.1171875 0.0546875
5 0.37265625 0.6203125 0.0078125 0.034375
5 0.12421875 0.7140625 0.05546875 0.04765625
9 0.43203125 0.66171875 0.028125 0.00625
5 0.30859375 0.57890625 0.04921875 0.0671875
9 0.39296875 0.64296875 0.034375 0.0140625
5 0.421875 0.603125 0.0125 0.05546875
5 0.040625 0.7765625 0.0796875 0.0625
5 0.4140625 0.6796875 0.00703125 0.065625