0 0.60390625 0.54296875 0.0421875 0.0734375
5 0.74296875 0.60625 0.071875 0.0953125
5 0.66875 0.86171875 0.0625 0.21875
5 0.634375 0.81015625 0.1 0.340625
5 0.68671875 0.7921875 0.0984375 0.3546875
5 0.93984375 0.8890625 0.046875 0.06875
5 0.690625 0.565625 0.021875 0.0328125
5 0.596875 0.928125 0.03125 0.05625
5 0.6078125 0.609375 0.034375 0.065625
0 0.678125 0.53046875 0.046875 0.0421875
5 0.63203125 0.596875 0.025 0.0546875
5 0.80625 0.67890625 0.0375 0.0609375
5 0.89296875 0.771875 0.1046875 0.1734375
5 0.6828125 0.54921875 0.1109375 0.0421875