0 0.57734375 0.58125 0.04375 0.0734375
5 0.678125 0.69609375 0.0734375 0.096875
5 0.50703125 0.8953125 0.0703125 0.209375
5 0.49609375 0.83359375 0.1109375 0.3328125
5 0.55078125 0.8328125 0.1109375 0.334375
5 0.64765625 0.6375 0.0234375 0.0328125
5 0.4140625 0.93046875 0.0328125 0.05625
5 0.55390625 0.64375 0.0375 0.065625
0 0.65 0.6 0.0484375 0.0421875
5 0.58125 0.6421875 0.0265625 0.0546875
5 0.70703125 0.78828125 0.0390625 0.0609375
5 0.7484375 0.90859375 0.1109375 0.175
5 0.646875 0.61953125 0.1109375 0.0453125