5 0.36875 0.61796875 0.01875 0.0375
5 0.40078125 0.52265625 0.0078125 0.0140625
5 0.31875 0.946875 0.021875 0.0453125
5 0.29765625 0.646875 0.053125 0.0875
5 0.19765625 0.565625 0.01875 0.015625
5 0.23203125 0.82265625 0.025 0.0703125
5 0.3859375 0.64921875 0.0203125 0.0359375
5 0.31640625 0.77734375 0.0296875 0.059375
5 0.31015625 0.87578125 0.059375 0.1203125
5 0.38828125 0.5921875 0.0203125 0.0609375
5 0.3140625 0.59765625 0.01875 0.0265625
5 0.36484375 0.78125 0.05625 0.090625
5 0.3796875 0.57421875 0.0140625 0.0328125
5 0.2640625 0.75390625 0.0328125 0.0703125
5 0.29453125 0.7109375 0.0234375 0.05625
5 0.39765625 0.5515625 0.0109375 0.01875
5 0.25703125 0.88671875 0.059375 0.1375
5 0.23984375 0.7078125 0.0203125 0.028125
9 0.23984375 0.81171875 0.4796875 0.2015625
5 0.13984375 0.58125 0.021875 0.01875
5 0.09609375 0.63671875 0.1921875 0.2046875
5 0.33984375 0.58203125 0.0171875 0.025