5 0.5203125 0.74453125 0.0375 0.0578125
5 0.790625 0.7640625 0.0484375 0.0421875
5 0.62890625 0.64765625 0.0109375 0.0203125
5 0.66171875 0.63203125 0.0296875 0.04375
5 0.43046875 0.871875 0.1328125 0.253125
9 0.63046875 0.6078125 0.059375 0.025
9 0.74140625 0.72578125 0.071875 0.03125
5 0.58046875 0.6203125 0.0109375 0.028125
5 0.61015625 0.6484375 0.0265625 0.0734375
5 0.51796875 0.88359375 0.0703125 0.2328125
9 0.72734375 0.67734375 0.025 0.015625
0 0.56015625 0.6703125 0.0890625 0.1125
5 0.7546875 0.703125 0.0484375 0.0421875
5 0.6703125 0.60625 0.034375 0.028125
9 0.51796875 0.66875 0.034375 0.025
5 0.4078125 0.83984375 0.05625 0.0671875
5 0.58046875 0.584375 0.009375 0.01875
5 0.5625 0.60390625 0.0046875 0.009375
5 0.60546875 0.94453125 0.0453125 0.1109375
5 0.6421875 0.81796875 0.0875 0.240625
5 0.54921875 0.7390625 0.0171875 0.040625
5 0.4921875 0.740625 0.0359375 0.059375
5 0.7109375 0.66484375 0.01875 0.021875
5 0.45 0.76875 0.1078125 0.1546875
5 0.75625 0.8609375 0.2625 0.278125
5 0.56640625 0.6171875 0.009375 0.025
5 0.6 0.628125 0.0171875 0.0328125
5 0.590625 0.58984375 0.0109375 0.015625
5 0.6765625 0.86484375 0.0234375 0.0578125