5 0.45 0.684375 0.0421875 0.1203125
9 0.3953125 0.63203125 0.15 0.0296875
9 0.55234375 0.790625 0.040625 0.0234375
5 0.44453125 0.56328125 0.0140625 0.0390625
5 0.534375 0.8921875 0.0765625 0.2140625
5 0.3140625 0.73046875 0.0625 0.0875
9 0.40546875 0.6125 0.0390625 0.040625
5 0.30625 0.61171875 0.0328125 0.028125
5 0.37734375 0.75703125 0.0828125 0.075
5 0.28671875 0.6390625 0.015625 0.0125
5 0.484375 0.77578125 0.034375 0.121875
5 0.33203125 0.62421875 0.0296875 0.028125
9 0.3046875 0.66875 0.046875 0.053125
5 0.35 0.66171875 0.028125 0.0375
5 0.4203125 0.6078125 0.0046875 0.0109375
5 0.40859375 0.58671875 0.015625 0.025
5 0.41328125 0.6765625 0.040625 0.0890625
5 0.44765625 0.6125 0.0171875 0.0234375
9 0.38125 0.64375 0.025 0.0171875
5 0.2484375 0.8734375 0.1109375 0.165625