5 0.44453125 0.659375 0.028125 0.06875
5 0.4859375 0.64140625 0.009375 0.0203125
5 0.40390625 0.6328125 0.05625 0.125
5 0.51953125 0.91015625 0.05 0.1765625
5 0.278125 0.80546875 0.028125 0.040625
5 0.44296875 0.5671875 0.0046875 0.0109375
5 0.471875 0.73671875 0.0421875 0.1234375
5 0.421875 0.5546875 0.0140625 0.0203125
5 0.26953125 0.6578125 0.0390625 0.0328125
9 0.43515625 0.628125 0.0453125 0.015625
5 0.53671875 0.8984375 0.021875 0.040625
5 0.43515625 0.56875 0.0078125 0.015625
5 0.428125 0.584375 0.0171875 0.046875
5 0.4546875 0.60703125 0.0234375 0.0265625
5 0.346875 0.66171875 0.025 0.034375
5 0.484375 0.74140625 0.0125 0.0453125
5 0.2328125 0.69609375 0.0296875 0.0328125
5 0.4578125 0.80234375 0.0234375 0.0796875
5 0.50625 0.7953125 0.0234375 0.0765625