5 0.2296875 0.63046875 0.025 0.025
9 0.32890625 0.66875 0.0375 0.04375
5 0.2359375 0.6125 0.009375 0.0171875
5 0.3078125 0.56484375 0.0171875 0.028125
5 0.303125 0.61171875 0.0109375 0.0171875
9 0.2984375 0.5953125 0.028125 0.0203125
5 0.278125 0.62265625 0.0125 0.01875
9 0.13359375 0.70703125 0.2140625 0.0796875
9 0.35859375 0.76328125 0.1640625 0.053125
5 0.2421875 0.6703125 0.01875 0.0203125
0 0.01875 0.6890625 0.0375 0.053125
9 0.2734375 0.57578125 0.0375 0.025
9 0.3140625 0.63203125 0.0390625 0.0328125
0 0.209375 0.82421875 0.2234375 0.2640625
5 0.2921875 0.6015625 0.0078125 0.0140625
5 0.2625 0.60234375 0.0109375 0.021875
5 0.153125 0.63828125 0.0171875 0.0171875
5 0.23671875 0.6984375 0.0140625 0.028125