5 0.44921875 0.9734375 0.0234375 0.05
5 0.65703125 0.71875 0.0375 0.090625
9 0.57109375 0.675 0.1359375 0.025
5 0.590625 0.596875 0.015625 0.0265625
9 0.640625 0.7984375 0.0875 0.0671875
5 0.6140625 0.94453125 0.0125 0.0390625
9 0.7390625 0.63203125 0.1609375 0.01875
9 0.50703125 0.75078125 0.0515625 0.0234375
5 0.68046875 0.62109375 0.0171875 0.01875
5 0.53359375 0.971875 0.0171875 0.0484375
9 0.825 0.65625 0.0921875 0.025
9 0.71015625 0.65390625 0.1453125 0.03125
5 0.51328125 0.54375 0.00625 0.00625
5 0.84765625 0.87265625 0.05625 0.1296875
5 0.73046875 0.6125 0.015625 0.0140625
5 0.728125 0.86796875 0.08125 0.084375
5 0.54375 0.59296875 0.0234375 0.040625
5 0.803125 0.9453125 0.0234375 0.0828125
9 0.58046875 0.6015625 0.0109375 0.009375
5 0.46796875 0.9046875 0.0171875 0.04375
5 0.56328125 0.5734375 0.0125 0.015625
9 0.9625 0.73515625 0.075 0.0328125
5 0.4875 0.86328125 0.0140625 0.0125
5 0.5640625 0.5578125 0.015625 0.015625
9 0.8171875 0.79296875 0.26875 0.078125
5 0.53515625 0.80703125 0.0296875 0.1171875
5 0.64453125 0.6140625 0.01875 0.01875
5 0.56015625 0.64453125 0.01875 0.0546875
9 0.68125 0.59609375 0.0859375 0.01875
5 0.54765625 0.5578125 0.0109375 0.0125
5 0.62421875 0.6390625 0.0265625 0.0578125
5 0.78125 0.90546875 0.0265625 0.05
5 0.7515625 0.73359375 0.1328125 0.15
5 0.5625 0.7203125 0.0375 0.0859375