5 0.44765625 0.63046875 0.0140625 0.02109375
5 0.228125 0.665625 0.04296875 0.04375
5 0.39453125 0.621875 0.015625 0.03828125
5 0.18828125 0.85703125 0.03515625 0.0703125
5 0.390625 0.58203125 0.009375 0.015625
0 0.4515625 0.8828125 0.1203125 0.2328125
5 0.4265625 0.69765625 0.03828125 0.13828125
5 0.10546875 0.7359375 0.053125 0.0671875
5 0.40234375 0.56640625 0.0078125 0.0265625
9 0.14765625 0.79453125 0.1203125 0.046875
5 0.1109375 0.89921875 0.10703125 0.18984375
5 0.21953125 0.8703125 0.10546875 0.23125
5 0.25703125 0.66484375 0.0125 0.03515625
9 0.178125 0.6890625 0.03828125 0.015625
5 0.54921875 0.828125 0.034375 0.071875