5 0.29375 0.63828125 0.0203125 0.0296875
0 0.2421875 0.6890625 0.04453125 0.07578125
5 0.2109375 0.53203125 0.00546875 0.0078125
9 0.23046875 0.815625 0.46015625 0.0890625
5 0.3515625 0.62421875 0.0203125 0.0296875
5 0.5484375 0.89765625 0.11875 0.1734375
5 0.2140625 0.953125 0.0234375 0.08671875
5 0.21484375 0.5421875 0.003125 0.00703125
5 0.43203125 0.721875 0.10546875 0.1625
5 0.32265625 0.68671875 0.0140625 0.0890625
5 0.353125 0.653125 0.0109375 0.02421875
5 0.20390625 0.57265625 0.0078125 0.01171875