5 0.33125 0.578125 0.03828125 0.0171875
5 0.12734375 0.8890625 0.1703125 0.21171875
8 0.33984375 0.675 0.02734375 0.025
8 0.36484375 0.7046875 0.025 0.01328125
8 0.4140625 0.5953125 0.021875 0.01484375
8 0.48984375 0.5671875 0.01015625 0.00625
8 0.48828125 0.72421875 0.01484375 0.01484375
5 0.49140625 0.55234375 0.0078125 0.01328125
5 0.46484375 0.8296875 0.02734375 0.1625
8 0.3484375 0.74375 0.03125 0.02265625
5 0.39453125 0.565625 0.053125 0.034375
5 0.02265625 0.91484375 0.0390625 0.04609375
5 0.440625 0.56484375 0.01484375 0.01484375