5 0.39296875 0.88046875 0.01484375 0.09453125
5 0.2921875 0.85234375 0.03359375 0.13515625
5 0.2890625 0.7359375 0.0328125 0.07890625
5 0.2515625 0.85234375 0.0109375 0.06796875
5 0.390625 0.70546875 0.02109375 0.0609375
9 0.21953125 0.7078125 0.1484375 0.0359375
5 0.37578125 0.978125 0.04765625 0.03671875
5 0.1015625 0.75390625 0.06796875 0.0609375
5 0.23828125 0.759375 0.04921875 0.09765625
5 0.36484375 0.76953125 0.01484375 0.121875
5 0.12109375 0.7859375 0.05390625 0.0734375
5 0.05390625 0.8453125 0.090625 0.08125
0 0.415625 0.61015625 0.05625 0.1
5 0.3109375 0.94453125 0.103125 0.10390625
9 0.38359375 0.684375 0.20859375 0.04140625
0 0.48984375 0.91640625 0.1578125 0.165625