0 0.0609375 0.859375 0.121875 0.18046875
5 0.3796875 0.878125 0.0515625 0.2390625
5 0.34140625 0.721875 0.02734375 0.06015625
5 0.3890625 0.58046875 0.05 0.05234375
5 0.2796875 0.80078125 0.0890625 0.1328125
5 0.20859375 0.909375 0.05 0.1171875
5 0.3921875 0.61640625 0.0578125 0.096875
5 0.41328125 0.540625 0.02734375 0.0265625
5 0.3296875 0.6765625 0.046875 0.0453125
5 0.38125 0.68203125 0.01015625 0.05390625
5 0.1765625 0.76328125 0.1046875 0.10625
5 0.43046875 0.8125 0.02421875 0.06015625
5 0.45625 0.5828125 0.0140625 0.065625
5 0.175 0.728125 0.1046875 0.1
5 0.34609375 0.6296875 0.0234375 0.04140625
5 0.384375 0.559375 0.0078125 0.01328125