5 0.89921875 0.946875 0.0734375 0.078125
9 0.6265625 0.63671875 0.0296875 0.0125
5 0.7515625 0.70859375 0.0875 0.0890625
5 0.60390625 0.59765625 0.0234375 0.05625
5 0.54140625 0.84296875 0.0171875 0.04375
9 0.57890625 0.68125 0.0359375 0.0171875
9 0.63515625 0.6625 0.05625 0.0203125
9 0.79140625 0.80078125 0.159375 0.0828125
9 0.6015625 0.74453125 0.10625 0.046875
5 0.6015625 0.678125 0.0125 0.01875
5 0.634375 0.57109375 0.021875 0.034375
5 0.709375 0.65625 0.015625 0.028125
9 0.65859375 0.725 0.125 0.071875
5 0.60703125 0.6390625 0.0125 0.0359375
5 0.8375 0.7703125 0.0625 0.05625
9 0.5421875 0.6703125 0.028125 0.0109375
5 0.6765625 0.6078125 0.059375 0.0734375
9 0.58359375 0.6578125 0.0359375 0.01875
5 0.5609375 0.6140625 0.0203125 0.05625
5 0.91015625 0.8453125 0.0890625 0.0734375
5 0.55703125 0.690625 0.0171875 0.065625