5 0.5328125 0.6890625 0.0234375 0.0359375
5 0.38671875 0.96328125 0.0453125 0.0421875
5 0.68984375 0.703125 0.1125 0.15625
5 0.91171875 0.9640625 0.0515625 0.0296875
5 0.51328125 0.69765625 0.0140625 0.015625
5 0.56328125 0.63203125 0.0203125 0.0421875
0 0.778125 0.8875 0.2875 0.225
5 0.72734375 0.7109375 0.1234375 0.1578125
5 0.4453125 0.9125 0.0703125 0.1671875
5 0.92265625 0.7953125 0.0875 0.0734375
0 0.5703125 0.7640625 0.0625 0.1265625
5 0.6546875 0.58203125 0.0234375 0.08125
5 0.8203125 0.7671875 0.103125 0.0765625
5 0.88125 0.79609375 0.0765625 0.059375
5 0.60703125 0.6125 0.0171875 0.0296875