5 0.2734375 0.63046875 0.09375 0.153125
5 0.4078125 0.9671875 0.0265625 0.05
5 0.07109375 0.759375 0.1421875 0.134375
5 0.4265625 0.67265625 0.0109375 0.0265625
5 0.403125 0.5359375 0.0078125 0.0265625
5 0.4484375 0.853125 0.1171875 0.29375
5 0.3890625 0.8953125 0.0453125 0.1546875
9 0.253125 0.74375 0.1234375 0.09375
5 0.3921875 0.53203125 0.0078125 0.0234375
5 0.07421875 0.9046875 0.059375 0.0875
0 0.403125 0.5015625 0.0203125 0.0484375
5 0.35625 0.51953125 0.015625 0.0359375
5 0.40625 0.57421875 0.0203125 0.0546875
5 0.409375 0.64609375 0.065625 0.13125