5 0.43671875 0.62578125 0.015625 0.021875
5 0.21484375 0.64140625 0.046875 0.046875
5 0.384375 0.6125 0.01875 0.0390625
5 0.15859375 0.828125 0.040625 0.0734375
5 0.38359375 0.571875 0.0109375 0.015625
0 0.41875 0.87734375 0.140625 0.2421875
5 0.409375 0.690625 0.05 0.140625
5 0.08671875 0.70078125 0.059375 0.071875
5 0.396875 0.5578125 0.009375 0.0265625
9 0.1234375 0.7625 0.1234375 0.0578125
5 0.07734375 0.8640625 0.1234375 0.1984375
5 0.18828125 0.84453125 0.125 0.2390625
5 0.24375 0.64296875 0.015625 0.0359375
9 0.1625 0.66015625 0.0390625 0.01875
5 0.5203125 0.83125 0.040625 0.075