5 0.5296875 0.81875 0.0328125 0.08203125
5 0.23046875 0.9359375 0.06328125 0.12421875
5 0.0171875 0.88046875 0.034375 0.0421875
5 0.38515625 0.728125 0.01328125 0.0546875
5 0.28671875 0.6390625 0.03828125 0.05703125
5 0.4484375 0.84921875 0.06328125 0.29921875
5 0.06953125 0.78515625 0.13515625 0.1484375
5 0.34765625 0.59765625 0.02109375 0.05390625
5 0.49140625 0.728125 0.015625 0.046875
5 0.26640625 0.59609375 0.0453125 0.04609375
5 0.13203125 0.6828125 0.05859375 0.05390625
5 0.15546875 0.94375 0.0625 0.10546875
5 0.59140625 0.91953125 0.05078125 0.15390625
5 0.403125 0.578125 0.0234375 0.10859375
5 0.12421875 0.91484375 0.10390625 0.16171875
0 0.2484375 0.7796875 0.1484375 0.203125
5 0.103125 0.80703125 0.11953125 0.1421875