5 0.26953125 0.759375 0.040625 0.1234375
5 0.2515625 0.6453125 0.01875 0.065625
5 0.4015625 0.5609375 0.028125 0.0515625
5 0.06640625 0.6828125 0.05625 0.0421875
5 0.38046875 0.696875 0.0109375 0.0328125
9 0.34296875 0.71171875 0.115625 0.0328125
5 0.18671875 0.609375 0.046875 0.046875
5 0.18203125 0.890625 0.146875 0.1515625
5 0.3921875 0.753125 0.021875 0.0609375
5 0.36015625 0.95859375 0.0375 0.046875
5 0.16953125 0.71171875 0.0328125 0.0453125
9 0.0265625 0.70078125 0.053125 0.0296875
9 0.2546875 0.83046875 0.509375 0.1390625