5 0.253125 0.6265625 0.0375 0.034375
9 0.22890625 0.540625 0.04375 0.01875
5 0.2546875 0.57265625 0.028125 0.0703125
5 0.203125 0.525 0.0203125 0.053125
9 0.32890625 0.67734375 0.2421875 0.0515625
5 0.15546875 0.57265625 0.078125 0.0828125
5 0.30625 0.6421875 0.0421875 0.06875
5 0.3328125 0.58671875 0.0265625 0.0390625
5 0.240625 0.58828125 0.0078125 0.021875
5 0.0859375 0.80859375 0.171875 0.2765625
5 0.28984375 0.921875 0.053125 0.103125
5 0.2671875 0.57109375 0.0109375 0.0265625
5 0.31328125 0.7515625 0.10625 0.15625
5 0.221875 0.62734375 0.0328125 0.05
5 0.18671875 0.67109375 0.046875 0.0546875
5 0.08046875 0.7890625 0.1609375 0.265625