5 0.4515625 0.9734375 0.0328125 0.053125
5 0.30078125 0.68125 0.05625 0.0953125
9 0.39453125 0.65625 0.1359375 0.0515625
5 0.390625 0.57578125 0.0203125 0.028125
9 0.3 0.7625 0.0984375 0.0828125
5 0.29609375 0.9109375 0.0203125 0.0390625
9 0.23828125 0.5796875 0.159375 0.0515625
9 0.440625 0.74375 0.0546875 0.0328125
5 0.2984375 0.58125 0.0203125 0.021875
5 0.36875 0.9546875 0.0265625 0.05
9 0.14921875 0.58515625 0.09375 0.04375
9 0.2625 0.60625 0.146875 0.0609375
5 0.478125 0.540625 0.00625 0.0078125
5 0.0828125 0.7921875 0.08125 0.1375
5 0.25078125 0.56171875 0.0171875 0.0171875
5 0.20078125 0.8125 0.096875 0.0984375
5 0.4375 0.58203125 0.03125 0.04375
5 0.1109375 0.87265625 0.0390625 0.0859375
9 0.4 0.5828125 0.0125 0.0109375
5 0.446875 0.90234375 0.025 0.046875
5 0.42265625 0.55859375 0.015625 0.0171875
9 0.01875 0.634375 0.0375 0.05
5 0.43671875 0.8578125 0.015625 0.0140625
5 0.42578125 0.54375 0.01875 0.01875
9 0.1328125 0.7203125 0.265625 0.13125
5 0.40234375 0.79296875 0.053125 0.11875
5 0.33515625 0.58125 0.021875 0.021875
5 0.41171875 0.62890625 0.0296875 0.0578125
9 0.30234375 0.55625 0.0859375 0.0359375
5 0.44140625 0.546875 0.0140625 0.0140625
5 0.34921875 0.61015625 0.0375 0.0609375
5 0.140625 0.8375 0.0359375 0.053125
5 0.20546875 0.6765625 0.159375 0.171875
5 0.39296875 0.703125 0.0546875 0.090625